Id	Cycle	Group	MS	All(a)	All(b)	QTL1(a)	QTL1(b)	QTL2(a)	QTL2(b)	QTL3(a)	QTL3(b)	QTL4(a)	QTL4(b)	QTL5(a)	QTL5(b)	QTL6(a)	QTL6(b)	QTL7(a)	QTL7(b)	QTL8(a)	QTL8(b)	QTL9(a)	QTL9(b)	QTL10(a)	QTL10(b)
F2	IL	-	0.400000	1.000000	0.000000	1.000000	0.000000	1.000000	0.000000	1.000000	0.000000	1.000000	0.000000	1.000000	0.000000	1.000000	0.000000	1.000000	0.000000	1.000000	0.000000	1.000000	0.000000	1.000000	0.000000
F252	IL	-	0.600000	0.000000	1.000000	0.000000	1.000000	0.000000	1.000000	0.000000	1.000000	0.000000	1.000000	0.000000	1.000000	0.000000	1.000000	0.000000	1.000000	0.000000	1.000000	0.000000	1.000000	0.000000	1.000000
f1	F1	-	0.500000	0.500000	0.500000	0.500000	0.500000	0.500000	0.500000	0.500000	0.500000	0.500000	0.500000	0.500000	0.500000	0.500000	0.500000	0.500000	0.500000	0.500000	0.500000	0.500000	0.500000	0.500000	0.500000
1	F3	G1	0.625460	0.374195	0.625111	0.997315	0.002580	0.001734	0.998198	0.996407	0.003502	0.004961	0.994931	0.003554	0.992032	0.002136	0.997815	0.235521	0.763344	0.001055	0.998122	0.499949	0.499949	0.999320	0.000641
2	F3	G1	0.472005	0.868336	0.131332	0.997315	0.002580	0.996663	0.002118	0.708548	0.290699	0.494934	0.504570	0.999197	0.000735	0.997815	0.002136	0.997153	0.002771	0.998769	0.001138	0.993180	0.006788	0.499789	0.499789
3	F3	G1	0.597431	0.542103	0.456460	0.996705	0.002849	0.621590	0.377175	0.702183	0.287985	0.006171	0.993130	0.002906	0.996926	0.997815	0.002136	0.499636	0.499636	0.499771	0.499771	0.095201	0.904380	0.999052	0.000609
4	F3	G1	0.499969	0.475217	0.523067	0.353263	0.644658	0.371386	0.614377	0.996407	0.003502	0.004961	0.994931	0.002906	0.996926	0.530711	0.469184	0.499951	0.499951	0.998769	0.001138	0.993180	0.006788	0.000633	0.999217
5	F3	G1	0.591792	0.500738	0.498088	0.002622	0.997198	0.620669	0.376476	0.499934	0.499934	0.369136	0.629046	0.999197	0.000735	0.966117	0.032962	0.997153	0.002771	0.455080	0.540709	0.056011	0.943720	0.041463	0.957330
6	F3	G1	0.209592	0.603564	0.395594	0.002622	0.997198	0.998198	0.001734	0.003502	0.996407	0.997763	0.002188	0.999197	0.000735	0.064220	0.935221	0.993384	0.001166	0.998388	0.001147	0.478579	0.520354	0.499789	0.499789
7	F3	G1	0.504471	0.397424	0.601552	0.997315	0.002580	0.998198	0.001734	0.416896	0.575916	0.453637	0.545199	0.073044	0.926211	0.023049	0.976409	0.997153	0.002771	0.001147	0.998701	0.013168	0.986786	0.000633	0.999217
8	F3	G1	0.376660	0.223883	0.773422	0.002622	0.997198	0.499910	0.499910	0.003596	0.995821	0.197933	0.795479	0.003717	0.994969	0.002275	0.991839	0.499636	0.499636	0.998388	0.001147	0.013168	0.986786	0.017580	0.971435
9	F3	G1	0.590040	0.346973	0.649856	0.499493	0.499493	0.001734	0.998198	0.202482	0.773852	0.004961	0.994931	0.484644	0.511426	0.499356	0.499356	0.763344	0.235521	0.001229	0.998351	0.013168	0.986786	0.999320	0.000641
10	F3	G1	0.422439	0.375439	0.623653	0.001783	0.994930	0.001734	0.998198	0.003596	0.995821	0.004961	0.994931	0.486437	0.513209	0.499914	0.499914	0.265547	0.730817	0.998769	0.001138	0.991858	0.007784	0.499789	0.499789
11	F3	G2	0.386713	0.613631	0.386047	0.002622	0.997198	0.621590	0.377175	0.003502	0.996407	0.997763	0.002188	0.999197	0.000735	0.997815	0.002136	0.002771	0.997153	0.998399	0.001122	0.992476	0.007327	0.520171	0.479034
12	F3	G2	0.526880	0.244737	0.753574	0.147600	0.849374	0.001734	0.998198	0.702183	0.287985	0.993218	0.006599	0.007921	0.991607	0.002136	0.997815	0.002771	0.997153	0.494208	0.503834	0.095201	0.904380	0.000398	0.998792
13	F3	G2	0.401323	0.598913	0.400868	0.997315	0.002580	0.997750	0.001732	0.003502	0.996407	0.997763	0.002188	0.999112	0.000720	0.002136	0.997815	0.996650	0.002847	0.001090	0.998390	0.993180	0.006788	0.000633	0.999217
14	F3	G2	0.548145	0.548379	0.451349	0.997315	0.002580	0.001732	0.997750	0.499407	0.499407	0.004961	0.994931	0.486437	0.513209	0.499894	0.499894	0.002771	0.997153	0.998769	0.001138	0.993180	0.006788	0.999320	0.000641
15	F3	G2	0.537084	0.602893	0.396124	0.703649	0.288608	0.001734	0.998198	0.996407	0.003502	0.835883	0.163519	0.002906	0.996926	0.997815	0.002136	0.997153	0.002771	0.499569	0.499569	0.993180	0.006788	0.000633	0.999217
16	F3	G2	0.573260	0.196599	0.802119	0.349676	0.641093	0.001734	0.998198	0.003502	0.996407	0.494980	0.504736	0.495534	0.504119	0.002136	0.997815	0.002771	0.997153	0.499771	0.499771	0.095201	0.904380	0.020689	0.977514
17	F3	G2	0.106556	0.594642	0.404930	0.002641	0.996684	0.997750	0.001732	0.499407	0.499407	0.494934	0.504570	0.002906	0.996926	0.002136	0.997815	0.997153	0.002771	0.998769	0.001138	0.993180	0.006788	0.957539	0.041467
18	F3	G2	0.361616	0.347045	0.652264	0.499672	0.499672	0.499502	0.499502	0.003502	0.996407	0.494980	0.504736	0.009630	0.990050	0.032962	0.966117	0.995965	0.002663	0.001229	0.998351	0.912322	0.087623	0.020689	0.977514
19	F3	G2	0.523023	0.544523	0.451951	0.350602	0.641119	0.869727	0.120043	0.003502	0.996407	0.449349	0.538066	0.999197	0.000735	0.997815	0.002136	0.763344	0.235521	0.001147	0.998701	0.013168	0.986786	0.997382	0.000000
20	F3	G2	0.567499	0.530773	0.468857	0.002867	0.996452	0.499910	0.499910	0.996407	0.003502	0.329651	0.669431	0.495534	0.504119	0.997815	0.002136	0.997153	0.002771	0.499771	0.499771	0.488223	0.511692	0.000398	0.998792
21	F3	G3	0.262019	0.410328	0.588760	0.293603	0.703089	0.499622	0.499622	0.003502	0.996407	0.014575	0.985066	0.002906	0.996926	0.064220	0.935221	0.235521	0.763344	0.998769	0.001138	0.993180	0.006788	0.997382	0.000000
22	F3	G3	0.363263	0.777292	0.221159	0.499493	0.499493	0.998198	0.001734	0.213013	0.786123	0.578174	0.410581	0.999197	0.000735	0.997815	0.002136	0.995649	0.003441	0.998769	0.001138	0.993180	0.006788	0.499425	0.499425
23	F3	G3	0.647830	0.352391	0.647274	0.499493	0.499493	0.001716	0.997757	0.003502	0.996407	0.004961	0.994931	0.999197	0.000735	0.499914	0.499914	0.996552	0.002709	0.001147	0.998701	0.017635	0.982303	0.499789	0.499789
24	F3	G3	0.529511	0.490878	0.505920	0.641119	0.350602	0.001972	0.997742	0.004040	0.995583	0.182633	0.815267	0.999197	0.000735	0.469184	0.530711	0.754583	0.229345	0.455080	0.540709	0.401921	0.597899	0.999052	0.000609
25	F3	G3	0.507345	0.498363	0.500457	0.499252	0.499252	0.001941	0.997729	0.499561	0.499561	0.993218	0.006599	0.562786	0.432372	0.469184	0.530711	0.499435	0.499435	0.499569	0.499569	0.937995	0.061825	0.020689	0.977514
26	F3	G3	0.601720	0.568113	0.431412	0.850342	0.148280	0.499910	0.499910	0.003502	0.996407	0.004961	0.994931	0.999007	0.000759	0.997815	0.002136	0.731750	0.267115	0.499590	0.499590	0.095201	0.904380	0.999052	0.000609
27	F3	G3	0.343560	0.721099	0.271593	0.996760	0.002665	0.997750	0.001732	0.289989	0.707190	0.997763	0.002188	0.102650	0.833352	0.935112	0.061627	0.499735	0.499735	0.998388	0.001147	0.393910	0.605713	0.998931	0.000577
28	F3	G3	0.652022	0.347500	0.651987	0.002622	0.997198	0.998198	0.001734	0.995821	0.003596	0.004961	0.994931	0.999136	0.000749	0.002136	0.997815	0.002709	0.996552	0.455611	0.541287	0.013168	0.986786	0.000633	0.999217
29	F3	G3	0.446958	0.552881	0.446769	0.002867	0.996452	0.998198	0.001734	0.996407	0.003502	0.993218	0.006599	0.999007	0.000759	0.002136	0.997815	0.002771	0.997153	0.499562	0.499562	0.993180	0.006788	0.041463	0.957330
30	F3	G3	0.694985	0.503644	0.495452	0.996760	0.002665	0.374626	0.619795	0.003502	0.996407	0.153562	0.845451	0.999197	0.000735	0.997815	0.002136	0.997153	0.002771	0.001229	0.998351	0.013168	0.986786	0.499423	0.499423
31	F3	G2	0.498757	0.301131	0.698651	0.002622	0.997198	0.001734	0.998198	0.499660	0.499660	0.997763	0.002188	0.494998	0.504547	0.002433	0.997247	0.997153	0.002771	0.001147	0.998701	0.013168	0.986786	0.000633	0.999217
32	F3	G2	0.428242	0.566598	0.433126	0.997315	0.002580	0.499910	0.499910	0.003502	0.996407	0.194920	0.804428	0.007921	0.991607	0.966397	0.033373	0.997153	0.002771	0.499590	0.499590	0.499949	0.499949	0.999320	0.000641
33	F3	G2	0.371641	0.569237	0.430362	0.704203	0.293937	0.998198	0.001734	0.995821	0.003596	0.494980	0.504736	0.002906	0.996926	0.002136	0.997815	0.002771	0.997153	0.998388	0.001147	0.993180	0.006788	0.499789	0.499789
34	F3	G2	0.484346	0.459689	0.538541	0.499493	0.499493	0.371386	0.614377	0.708548	0.290699	0.004961	0.994931	0.486437	0.513209	0.033373	0.966397	0.499951	0.499951	0.499771	0.499771	0.993180	0.006788	0.499789	0.499789
35	F3	G2	0.565916	0.567691	0.430998	0.147600	0.849374	0.499616	0.499616	0.996407	0.003502	0.997763	0.002188	0.999197	0.000735	0.525784	0.466201	0.997153	0.002771	0.499590	0.499590	0.013168	0.986786	0.000633	0.999217
36	F3	-	0.451096	0.250426	0.749356	0.499672	0.499672	0.499622	0.499622	0.003502	0.996407	0.004961	0.994931	0.002906	0.996926	0.002136	0.997815	0.002771	0.997153	0.001147	0.998701	0.488223	0.511692	0.999320	0.000641
37	F3	-	0.415560	0.439460	0.557393	0.499672	0.499672	0.122466	0.873192	0.773852	0.202482	0.004961	0.994931	0.002906	0.996926	0.002136	0.997815	0.996440	0.003134	0.499562	0.499562	0.993180	0.006788	0.499425	0.499425
38	F3	-	0.500260	0.599453	0.400323	0.002622	0.997198	0.998198	0.001734	0.499660	0.499660	0.004961	0.994931	0.999060	0.000790	0.997815	0.002136	0.499636	0.499636	0.998769	0.001138	0.993180	0.006788	0.000633	0.999217
39	F3	-	0.585788	0.413598	0.585413	0.002867	0.996452	0.122466	0.873192	0.996407	0.003502	0.004961	0.994931	0.003717	0.994969	0.997815	0.002136	0.997153	0.002771	0.997033	0.000602	0.013168	0.986786	0.000398	0.998792
40	F3	G4	0.450183	0.647812	0.351996	0.997315	0.002580	0.001734	0.998198	0.995481	0.004080	0.494965	0.504683	0.495534	0.504119	0.002136	0.997815	0.499951	0.499951	0.998769	0.001138	0.993180	0.006788	0.999052	0.000609
41	F3	G5	0.413490	0.585051	0.412103	0.994848	0.001568	0.866253	0.116386	0.004080	0.995481	0.997763	0.002188	0.007921	0.991607	0.997815	0.002136	0.993384	0.001166	0.499590	0.499590	0.488223	0.511692	0.000633	0.999217
42	F3	G5	0.795341	0.303613	0.696035	0.499644	0.499644	0.001716	0.997757	0.995481	0.004080	0.004961	0.994931	0.002906	0.996926	0.997815	0.002136	0.002771	0.997153	0.001147	0.998701	0.488223	0.511692	0.041463	0.957330
43	F3	-	0.087196	0.515176	0.484435	0.002513	0.996430	0.997750	0.001732	0.004040	0.995583	0.997763	0.002188	0.002906	0.996926	0.003479	0.996382	0.996440	0.003134	0.499569	0.499569	0.647979	0.351763	0.999320	0.000641
44	F3	-	0.545154	0.426293	0.572990	0.850342	0.148280	0.377175	0.621590	0.499660	0.499660	0.494965	0.504683	0.009630	0.990050	0.499895	0.499895	0.499735	0.499735	0.043512	0.954521	0.488223	0.511692	0.499789	0.499789
45	F3	-	0.745872	0.551291	0.448485	0.997315	0.002580	0.001734	0.998198	0.996407	0.003502	0.014575	0.985066	0.495534	0.504119	0.997247	0.002433	0.996438	0.003180	0.001229	0.998351	0.013168	0.986786	0.999262	0.000631
46	F3	G6	0.658335	0.569475	0.429826	0.146403	0.848356	0.001734	0.998198	0.996407	0.003502	0.997763	0.002188	0.999197	0.000735	0.997815	0.002136	0.499864	0.499864	0.499771	0.499771	0.056011	0.943720	0.499789	0.499789
47	F3	G6	0.547606	0.479057	0.520274	0.968555	0.030840	0.499504	0.499504	0.499762	0.499762	0.997510	0.002170	0.167411	0.831805	0.499715	0.499715	0.002806	0.997045	0.494442	0.504042	0.393910	0.605713	0.266958	0.732142
48	F3	G6	0.299284	0.572184	0.426730	0.813340	0.179900	0.499616	0.499616	0.003502	0.996407	0.376063	0.622788	0.024417	0.975139	0.517706	0.481986	0.997153	0.002771	0.998399	0.001122	0.991858	0.007784	0.499789	0.499789
49	F3	-	0.735753	0.561077	0.437184	0.499672	0.499672	0.499045	0.499045	0.995583	0.004040	0.647494	0.341109	0.999197	0.000735	0.997815	0.002136	0.002847	0.996650	0.456156	0.541881	0.013168	0.986786	0.499789	0.499789
50	F3	-	0.603243	0.397384	0.602089	0.997315	0.002580	0.001759	0.998096	0.996407	0.003502	0.997763	0.002188	0.009630	0.990050	0.002136	0.997815	0.499951	0.499951	0.455080	0.540709	0.013168	0.986786	0.000633	0.999217
51	F3	-	0.567325	0.328125	0.671520	0.499493	0.499493	0.499502	0.499502	0.499934	0.499934	0.291407	0.708031	0.009630	0.990050	0.469184	0.530711	0.997153	0.002771	0.001147	0.998701	0.013168	0.986786	0.000633	0.999217
52	F3	-	0.665675	0.345450	0.652682	0.002867	0.996452	0.374626	0.619795	0.996407	0.003502	0.004961	0.994931	0.559590	0.428973	0.499914	0.499914	0.002771	0.997153	0.001147	0.998701	0.013168	0.986786	0.999052	0.000609
53	F3	-	0.493601	0.798555	0.201067	0.996705	0.002849	0.998198	0.001734	0.499934	0.499934	0.997177	0.002453	0.999197	0.000735	0.966397	0.033373	0.997153	0.002771	0.043512	0.954521	0.488223	0.511692	0.999052	0.000609
54	F3	-	0.376866	0.564729	0.434867	0.997315	0.002580	0.998198	0.001734	0.212504	0.785765	0.291407	0.708031	0.495534	0.504119	0.003479	0.996382	0.003134	0.996440	0.998415	0.001218	0.647979	0.351763	0.999320	0.000641
55	F3	-	0.517787	0.482931	0.516078	0.997315	0.002580	0.620674	0.375423	0.003502	0.996407	0.004961	0.994931	0.009630	0.990050	0.997815	0.002136	0.003180	0.996438	0.499771	0.499771	0.693142	0.302404	0.999320	0.000641
56	F3	-	0.438581	0.369795	0.629926	0.499493	0.499493	0.001716	0.997757	0.499934	0.499934	0.004961	0.994931	0.009630	0.990050	0.033373	0.966397	0.002771	0.997153	0.998769	0.001138	0.647979	0.351763	0.999320	0.000641
57	F3	-	0.363910	0.466059	0.533080	0.146403	0.848356	0.996663	0.002118	0.004080	0.995481	0.997332	0.002143	0.002906	0.996926	0.997815	0.002136	0.003134	0.996440	0.499771	0.499771	0.013168	0.986786	0.999320	0.000641
58	F3	-	0.543643	0.438840	0.560440	0.002513	0.996430	0.998198	0.001734	0.995481	0.004080	0.494980	0.504736	0.913335	0.083114	0.002136	0.997815	0.002771	0.997153	0.499771	0.499771	0.478579	0.520354	0.000633	0.999217
59	F3	-	0.515856	0.297218	0.702525	0.002622	0.997198	0.001734	0.998198	0.996407	0.003502	0.004961	0.994931	0.002906	0.996926	0.064220	0.935221	0.997153	0.002771	0.499771	0.499771	0.401921	0.597899	0.000483	0.998831
60	F3	-	0.657147	0.276443	0.722004	0.644658	0.353263	0.375423	0.620674	0.003502	0.996407	0.288075	0.705127	0.495534	0.504119	0.530711	0.469184	0.002771	0.997153	0.001147	0.998701	0.401921	0.597899	0.020689	0.977514
61	F3	-	0.297268	0.408042	0.591710	0.002622	0.997198	0.001716	0.997757	0.004040	0.995583	0.997763	0.002188	0.002906	0.996926	0.517706	0.481986	0.499951	0.499951	0.998388	0.001147	0.056011	0.943720	0.999320	0.000641
62	F3	-	0.567739	0.432013	0.567073	0.002622	0.997198	0.997757	0.001716	0.003502	0.996407	0.997763	0.002188	0.999197	0.000735	0.997815	0.002136	0.263679	0.728711	0.001147	0.998701	0.056011	0.943720	0.000633	0.999217
63	F3	-	0.425453	0.373927	0.625439	0.002622	0.997198	0.499910	0.499910	0.499934	0.499934	0.494934	0.504570	0.493065	0.502671	0.002136	0.997815	0.002771	0.997153	0.998769	0.001138	0.744492	0.254782	0.000633	0.999217
64	F3	-	0.601095	0.595803	0.401681	0.499493	0.499493	0.245003	0.747967	0.499934	0.499934	0.476244	0.509711	0.999197	0.000735	0.997815	0.002136	0.467497	0.531124	0.998388	0.001147	0.773825	0.225342	0.000633	0.999217
65	F3	-	0.716748	0.482021	0.516662	0.995162	0.002471	0.001734	0.998198	0.996407	0.003502	0.205485	0.793496	0.009630	0.990050	0.997815	0.002136	0.265547	0.730817	0.456156	0.541881	0.393910	0.605713	0.498359	0.498359
66	F3	-	0.572631	0.725598	0.274109	0.996705	0.002849	0.499793	0.499793	0.996407	0.003502	0.997763	0.002188	0.999197	0.000735	0.499914	0.499914	0.002771	0.997153	0.998769	0.001138	0.744492	0.254782	0.520171	0.479034
67	F3	-	0.530585	0.570131	0.429114	0.996632	0.002754	0.001734	0.998198	0.499561	0.499561	0.997177	0.002453	0.010574	0.985422	0.997815	0.002136	0.002847	0.996650	0.499590	0.499590	0.696121	0.303745	0.999262	0.000631
68	F3	-	0.490917	0.391536	0.607087	0.499583	0.499583	0.620674	0.375423	0.420355	0.576833	0.997763	0.002188	0.494998	0.504547	0.002136	0.997815	0.003180	0.996438	0.001147	0.998701	0.396811	0.599591	0.478715	0.519754
69	F3	-	0.478744	0.419103	0.578398	0.703649	0.288608	0.499502	0.499502	0.286814	0.704372	0.004961	0.994931	0.002906	0.996926	0.499738	0.499738	0.002847	0.996650	0.997679	0.001055	0.693142	0.302404	0.499789	0.499789
70	F3	-	0.435456	0.363960	0.635269	0.499493	0.499493	0.246112	0.752488	0.003502	0.996407	0.993218	0.006599	0.494998	0.504547	0.002136	0.997815	0.003134	0.996440	0.001147	0.998701	0.396811	0.599591	0.999052	0.000609
71	F3	-	0.648769	0.153639	0.846196	0.997315	0.002580	0.001972	0.997742	0.003502	0.996407	0.004961	0.994931	0.009630	0.990050	0.002136	0.997815	0.002771	0.997153	0.001147	0.998701	0.013168	0.986786	0.499789	0.499789
72	F3	-	0.421029	0.323456	0.675965	0.499493	0.499493	0.001734	0.998198	0.212504	0.785765	0.494980	0.504736	0.009630	0.990050	0.002136	0.997815	0.002771	0.997153	0.998769	0.001138	0.991858	0.007784	0.020689	0.977514
73	F3	-	0.449383	0.393535	0.605873	0.002622	0.997198	0.499502	0.499502	0.213013	0.786123	0.997763	0.002188	0.999197	0.000735	0.002136	0.997815	0.002771	0.997153	0.043512	0.954521	0.696121	0.303745	0.478715	0.519754
74	F3	-	0.316008	0.492558	0.507169	0.997315	0.002580	0.998198	0.001734	0.003502	0.996407	0.494980	0.504736	0.009630	0.990050	0.033373	0.966397	0.997153	0.002771	0.001147	0.998701	0.390957	0.607674	0.999320	0.000641
75	F3	-	0.397037	0.503696	0.495885	0.002641	0.996684	0.499616	0.499616	0.003502	0.996407	0.997763	0.002188	0.999197	0.000735	0.499738	0.499738	0.002771	0.997153	0.998415	0.001218	0.991858	0.007784	0.041463	0.957330
76	F3	-	0.561839	0.759274	0.240260	0.644658	0.353263	0.997742	0.001972	0.996407	0.003502	0.997763	0.002188	0.999197	0.000735	0.966397	0.033373	0.003441	0.995649	0.499590	0.499590	0.488223	0.511692	0.999320	0.000641
77	F3	-	0.379215	0.421976	0.577152	0.499672	0.499672	0.001734	0.998198	0.499934	0.499934	0.997763	0.002188	0.007921	0.991607	0.002136	0.997815	0.233107	0.761517	0.499590	0.499590	0.478579	0.520354	0.999320	0.000641
78	F3	-	0.402420	0.503160	0.496507	0.997315	0.002580	0.997729	0.001941	0.003502	0.996407	0.494934	0.504570	0.494998	0.504547	0.032962	0.966117	0.996440	0.003134	0.001229	0.998351	0.013168	0.986786	0.999320	0.000641
79	F3	-	0.667860	0.368108	0.631123	0.997315	0.002580	0.377175	0.621590	0.708548	0.290699	0.997763	0.002188	0.007921	0.991607	0.469184	0.530711	0.003134	0.996440	0.043512	0.954521	0.056011	0.943720	0.020515	0.977174
80	F3	-	0.609406	0.389990	0.609557	0.002622	0.997198	0.499616	0.499616	0.995481	0.004080	0.004961	0.994931	0.002906	0.996926	0.997815	0.002136	0.499735	0.499735	0.494208	0.503834	0.401921	0.597899	0.000633	0.999217
81	F3	-	0.437982	0.264309	0.734719	0.002641	0.996684	0.620669	0.376476	0.003502	0.996407	0.494980	0.504736	0.009630	0.990050	0.499356	0.499356	0.499636	0.499636	0.001147	0.998701	0.013168	0.986786	0.498359	0.498359
82	F3	-	0.614219	0.583667	0.415098	0.996632	0.002754	0.499502	0.499502	0.996407	0.003502	0.494934	0.504570	0.003717	0.994969	0.997815	0.002136	0.002847	0.996650	0.951116	0.041400	0.393910	0.605713	0.499789	0.499789
83	F3	-	0.589359	0.408454	0.589651	0.996632	0.002754	0.998198	0.001734	0.996407	0.003502	0.494980	0.504736	0.002906	0.996926	0.002136	0.997815	0.002771	0.997153	0.537270	0.453314	0.013168	0.986786	0.040071	0.951789
84	F3	-	0.127408	0.574004	0.425668	0.499583	0.499583	0.246112	0.752488	0.003502	0.996407	0.997763	0.002188	0.002906	0.996926	0.002136	0.997815	0.997153	0.002771	0.998769	0.001138	0.993180	0.006788	0.998931	0.000577
85	F3	-	0.406964	0.562585	0.435737	0.350602	0.641119	0.499502	0.499502	0.499407	0.499407	0.997177	0.002453	0.999197	0.000735	0.002136	0.997815	0.265547	0.730817	0.998415	0.001218	0.993180	0.006788	0.020689	0.977514
86	F3	-	0.550065	0.748552	0.251263	0.996632	0.002754	0.001734	0.998198	0.499934	0.499934	0.997763	0.002188	0.999197	0.000735	0.997815	0.002136	0.002771	0.997153	0.998769	0.001138	0.991858	0.007784	0.999052	0.000609
87	F3	-	0.305570	0.595789	0.403706	0.997315	0.002580	0.998198	0.001734	0.499791	0.499791	0.004961	0.994931	0.009630	0.990050	0.002136	0.997815	0.499951	0.499951	0.954206	0.042997	0.993180	0.006788	0.998523	0.000425
88	F3	-	0.257941	0.677385	0.321236	0.147600	0.849374	0.873192	0.122466	0.499762	0.499762	0.996767	0.002372	0.564716	0.434359	0.469184	0.530711	0.730629	0.266333	0.499562	0.499562	0.993180	0.006788	0.999255	0.000633
89	F3	-	0.214107	0.611659	0.387590	0.002622	0.997198	0.499622	0.499622	0.996407	0.003502	0.997763	0.002188	0.128498	0.865984	0.002136	0.997815	0.499951	0.499951	0.998415	0.001218	0.991858	0.007784	0.999320	0.000641
90	F3	-	0.459907	0.654819	0.344084	0.002622	0.997198	0.998198	0.001734	0.575916	0.416896	0.004961	0.994931	0.999197	0.000735	0.997267	0.001947	0.499735	0.499735	0.998399	0.001122	0.993180	0.006788	0.478715	0.519754
91	F3	-	0.614699	0.592248	0.406770	0.968555	0.030840	0.499504	0.499504	0.640964	0.357536	0.030342	0.969092	0.928359	0.070212	0.499715	0.499715	0.002663	0.995965	0.976872	0.021168	0.488223	0.511692	0.887279	0.111973
92	F3	-	0.415629	0.620093	0.379608	0.002622	0.997198	0.499910	0.499910	0.708548	0.290699	0.997763	0.002188	0.999197	0.000735	0.469184	0.530711	0.531124	0.467497	0.998769	0.001138	0.993180	0.006788	0.000633	0.999217
93	F3	-	0.609964	0.488772	0.510317	0.996632	0.002754	0.374506	0.618781	0.499791	0.499791	0.004961	0.994931	0.999060	0.000790	0.002136	0.997815	0.997153	0.002771	0.001055	0.998122	0.013168	0.986786	0.999262	0.000631
94	F3	-	0.312755	0.400795	0.598062	0.002622	0.997198	0.499910	0.499910	0.003580	0.996247	0.369136	0.629046	0.563132	0.433289	0.002136	0.997815	0.996440	0.003134	0.998388	0.001147	0.095201	0.904380	0.477409	0.518458
95	F3	-	0.545977	0.564815	0.433790	0.997315	0.002580	0.998198	0.001734	0.996407	0.003502	0.494980	0.504736	0.563331	0.433416	0.002136	0.997815	0.003180	0.996438	0.537270	0.453314	0.056011	0.943720	0.999320	0.000641
96	F3	-	0.207925	0.517469	0.481047	0.002622	0.997198	0.998198	0.001734	0.499934	0.499934	0.997763	0.002188	0.127125	0.868089	0.002136	0.997815	0.997153	0.002771	0.537270	0.453314	0.013168	0.986786	0.999320	0.000641
97	F3	-	0.262247	0.406274	0.592527	0.002513	0.996430	0.001941	0.997729	0.213013	0.786123	0.997763	0.002188	0.127125	0.868089	0.002433	0.997247	0.730817	0.265547	0.499590	0.499590	0.488223	0.511692	0.999320	0.000641
98	F3	-	0.329642	0.530788	0.468350	0.293603	0.703089	0.998198	0.001734	0.499934	0.499934	0.997763	0.002188	0.009130	0.986720	0.499914	0.499914	0.997153	0.002771	0.998388	0.001147	0.013168	0.986786	0.000633	0.999217
99	F3	-	0.609787	0.757638	0.241021	0.845969	0.145356	0.001972	0.997742	0.996407	0.003502	0.291407	0.708031	0.999197	0.000735	0.997815	0.002136	0.996440	0.003134	0.954206	0.042997	0.993180	0.006788	0.499789	0.499789
100	F3	-	0.262477	0.369442	0.629203	0.146403	0.848356	0.499502	0.499502	0.003502	0.996407	0.997763	0.002188	0.009130	0.986720	0.002433	0.997247	0.499951	0.499951	0.541922	0.455654	0.993180	0.006788	0.000633	0.999217
101	F3	-	0.574901	0.424633	0.574406	0.002622	0.997198	0.499622	0.499622	0.003502	0.996407	0.647451	0.351416	0.996757	0.000000	0.997815	0.002136	0.499435	0.499435	0.043512	0.954521	0.056011	0.943720	0.499601	0.499601
102	F3	-	0.474250	0.763419	0.234683	0.695202	0.293674	0.997757	0.001716	0.499934	0.499934	0.004961	0.994931	0.999197	0.000735	0.997815	0.002136	0.997153	0.002771	0.998388	0.001147	0.488223	0.511692	0.955557	0.038094
103	F3	-	0.372915	0.554901	0.443221	0.146403	0.848356	0.873192	0.122466	0.996407	0.003502	0.006171	0.993130	0.002906	0.996926	0.499738	0.499738	0.990163	0.009329	0.041530	0.951340	0.993180	0.006788	0.999320	0.000641
104	F3	-	0.342474	0.516435	0.482758	0.499493	0.499493	0.375423	0.620674	0.785765	0.212504	0.997763	0.002188	0.009630	0.990050	0.002136	0.997815	0.002771	0.997153	0.998399	0.001122	0.993180	0.006788	0.499789	0.499789
105	F3	-	0.389174	0.241510	0.757390	0.147600	0.849374	0.374626	0.619795	0.004040	0.995583	0.835883	0.163519	0.002906	0.996926	0.002433	0.997247	0.003180	0.996438	0.031942	0.967588	0.013168	0.986786	0.999320	0.000641
106	F3	-	0.626843	0.437242	0.562146	0.353263	0.644658	0.001732	0.997750	0.003502	0.996407	0.004777	0.994483	0.999007	0.000759	0.966397	0.033373	0.499735	0.499735	0.151045	0.847975	0.393910	0.605713	0.999052	0.000609
107	F3	-	0.512028	0.418982	0.580139	0.002622	0.997198	0.499622	0.499622	0.996407	0.003502	0.004961	0.994931	0.127125	0.868089	0.530711	0.469184	0.997153	0.002771	0.382839	0.615538	0.647979	0.351763	0.000398	0.998792
108	F3	-	0.662021	0.734116	0.263948	0.996632	0.002754	0.997742	0.001972	0.996407	0.003502	0.639246	0.347848	0.999060	0.000790	0.997815	0.002136	0.003180	0.996438	0.718582	0.277040	0.991858	0.007784	0.000633	0.999217
109	F3	-	0.557565	0.442335	0.557454	0.002622	0.997198	0.001734	0.998198	0.996407	0.003502	0.997763	0.002188	0.999197	0.000735	0.002136	0.997815	0.997153	0.002771	0.031942	0.967588	0.393910	0.605713	0.000483	0.998831
110	F3	-	0.714071	0.490141	0.508912	0.997315	0.002580	0.001716	0.997757	0.995583	0.004040	0.369136	0.629046	0.999197	0.000735	0.032962	0.966117	0.108787	0.889004	0.382839	0.615538	0.993180	0.006788	0.020689	0.977514
111	F3	-	0.443802	0.652058	0.347210	0.995162	0.002471	0.998198	0.001734	0.499791	0.499791	0.004961	0.994931	0.486437	0.513209	0.499914	0.499914	0.499951	0.499951	0.840723	0.155711	0.696121	0.303745	0.999320	0.000641
112	F3	-	0.406949	0.492073	0.506564	0.995162	0.002471	0.499502	0.499502	0.499660	0.499660	0.004961	0.994931	0.002906	0.996926	0.002433	0.997247	0.996650	0.002847	0.906966	0.084625	0.013168	0.986786	0.999320	0.000641
113	F3	-	0.517033	0.578978	0.418697	0.499493	0.499493	0.874788	0.124014	0.996407	0.003502	0.377758	0.610334	0.494998	0.504547	0.499738	0.499738	0.499735	0.499735	0.952237	0.041805	0.095201	0.904380	0.499425	0.499425
114	F3	-	0.462364	0.736228	0.263321	0.997315	0.002580	0.375423	0.620674	0.996407	0.003502	0.997763	0.002188	0.999197	0.000735	0.002136	0.997815	0.002771	0.997153	0.998769	0.001138	0.993180	0.006788	0.999320	0.000641
115	F3	-	0.477978	0.682411	0.315432	0.849632	0.147400	0.873192	0.122466	0.995481	0.004080	0.195134	0.803019	0.495534	0.504119	0.466201	0.525784	0.002771	0.997153	0.954206	0.042997	0.993180	0.006788	0.998779	0.000509
116	F3	-	0.552253	0.785308	0.212036	0.997315	0.002580	0.499910	0.499910	0.694904	0.281422	0.674383	0.324607	0.999060	0.000790	0.997815	0.002136	0.997153	0.002771	0.499569	0.499569	0.993180	0.006788	0.499789	0.499789
117	F3	-	0.632814	0.663994	0.334362	0.997315	0.002580	0.499502	0.499502	0.995583	0.004040	0.834256	0.161209	0.999007	0.000759	0.499914	0.499914	0.263679	0.728711	0.456156	0.541881	0.095201	0.904380	0.999320	0.000641
118	F3	-	0.638994	0.542256	0.456669	0.996705	0.002849	0.499502	0.499502	0.411651	0.580647	0.004777	0.994483	0.999136	0.000749	0.499914	0.499914	0.997153	0.002771	0.001229	0.998351	0.013168	0.986786	0.999320	0.000641
119	F3	-	0.158800	0.514397	0.484738	0.351713	0.643454	0.997742	0.001972	0.004040	0.995583	0.291407	0.708031	0.009630	0.990050	0.002136	0.997815	0.996650	0.002847	0.997679	0.001055	0.993180	0.006788	0.499789	0.499789
120	F3	-	0.583315	0.613964	0.385563	0.996632	0.002754	0.377175	0.621590	0.995821	0.003596	0.997763	0.002188	0.495534	0.504119	0.499738	0.499738	0.763344	0.235521	0.001147	0.998701	0.013168	0.986786	0.999320	0.000641
121	F3	-	0.625265	0.458047	0.541343	0.499493	0.499493	0.499910	0.499910	0.499660	0.499660	0.647451	0.351416	0.918670	0.079450	0.499914	0.499914	0.003180	0.996438	0.998388	0.001147	0.013168	0.986786	0.000633	0.999217
122	F3	-	0.463141	0.504101	0.495336	0.002622	0.997198	0.998198	0.001734	0.499934	0.499934	0.194920	0.804428	0.400418	0.598785	0.935221	0.064220	0.499951	0.499951	0.043512	0.954521	0.488223	0.511692	0.978009	0.020895
123	F3	-	0.653208	0.268128	0.730827	0.499672	0.499672	0.001734	0.998198	0.708548	0.290699	0.494980	0.504736	0.400418	0.598785	0.002136	0.997815	0.003180	0.996438	0.455080	0.540709	0.095201	0.904380	0.020334	0.976840
124	F3	-	0.509467	0.502435	0.496570	0.997315	0.002580	0.499622	0.499622	0.499660	0.499660	0.494980	0.504736	0.563331	0.433416	0.002136	0.997815	0.499735	0.499735	0.455080	0.540709	0.013168	0.986786	0.999320	0.000641
125	F3	-	0.655658	0.268253	0.730031	0.499672	0.499672	0.499502	0.499502	0.996407	0.003502	0.004961	0.994931	0.127125	0.868089	0.002136	0.997815	0.002771	0.997153	0.041400	0.951116	0.488223	0.511692	0.020334	0.976840
126	F3	-	0.350979	0.550418	0.449299	0.499252	0.499252	0.997757	0.001716	0.996407	0.003502	0.004961	0.994931	0.009630	0.990050	0.002136	0.997815	0.002771	0.997153	0.998769	0.001138	0.993180	0.006788	0.999320	0.000641
127	F3	-	0.465989	0.422934	0.575740	0.499120	0.499120	0.499504	0.499504	0.155006	0.844135	0.531549	0.463843	0.294969	0.703350	0.499715	0.499715	0.499855	0.499855	0.494442	0.504042	0.488223	0.511692	0.266958	0.732142
128	F3	-	0.356356	0.259732	0.739894	0.002622	0.997198	0.998198	0.001734	0.003321	0.995638	0.004961	0.994931	0.073044	0.926211	0.001947	0.997267	0.499864	0.499864	0.001147	0.998701	0.013168	0.986786	0.999052	0.000609
129	F3	-	0.500326	0.398854	0.600885	0.002622	0.997198	0.001732	0.997750	0.996407	0.003502	0.494980	0.504736	0.464076	0.534966	0.033373	0.966397	0.002771	0.997153	0.998769	0.001138	0.993180	0.006788	0.000633	0.999217
130	F3	-	0.550992	0.651150	0.348029	0.994848	0.001568	0.499502	0.499502	0.995481	0.004080	0.494980	0.504736	0.024417	0.975139	0.997815	0.002136	0.997153	0.002771	0.998388	0.001147	0.488223	0.511692	0.020689	0.977514
131	F3	-	0.653214	0.544021	0.455351	0.499252	0.499252	0.001734	0.998198	0.995583	0.004040	0.004961	0.994931	0.495534	0.504119	0.997815	0.002136	0.499636	0.499636	0.954521	0.043512	0.013168	0.986786	0.978009	0.020895
132	F3	-	0.663207	0.167588	0.831703	0.146403	0.848356	0.001734	0.998198	0.995821	0.003596	0.004961	0.994931	0.009630	0.990050	0.002433	0.997247	0.499951	0.499951	0.001147	0.998701	0.013168	0.986786	0.000633	0.999217
133	F3	-	0.481917	0.616127	0.383121	0.997315	0.002580	0.499910	0.499910	0.003502	0.996407	0.997763	0.002188	0.494998	0.504547	0.997815	0.002136	0.997153	0.002771	0.001147	0.998701	0.693142	0.302404	0.478528	0.519568
134	F3	-	0.620983	0.634529	0.364498	0.994848	0.001568	0.499910	0.499910	0.786123	0.213013	0.494980	0.504736	0.999197	0.000735	0.499914	0.499914	0.467497	0.531124	0.954206	0.042997	0.647979	0.351763	0.000633	0.999217
135	F3	-	0.255065	0.551905	0.447685	0.996632	0.002754	0.001734	0.998198	0.003502	0.996407	0.494934	0.504570	0.002906	0.996926	0.032962	0.966117	0.995649	0.003441	0.998769	0.001138	0.993180	0.006788	0.998779	0.000509
136	F3	-	0.610058	0.587380	0.410811	0.002622	0.997198	0.743619	0.246366	0.996407	0.003502	0.997763	0.002188	0.999197	0.000735	0.997815	0.002136	0.499636	0.499636	0.041805	0.952237	0.095201	0.904380	0.499737	0.499737
137	F3	-	0.449808	0.549801	0.449920	0.499493	0.499493	0.001972	0.997742	0.996407	0.003502	0.006171	0.993130	0.002906	0.996926	0.499895	0.499895	0.499951	0.499951	0.998769	0.001138	0.993180	0.006788	0.999262	0.000631
138	F3	-	0.360799	0.538704	0.460970	0.002622	0.997198	0.499622	0.499622	0.003502	0.996407	0.997763	0.002188	0.494998	0.504547	0.997267	0.001947	0.997153	0.002771	0.001147	0.998701	0.393910	0.605713	0.999052	0.000609
139	F3	-	0.542957	0.541276	0.458337	0.002867	0.996452	0.001734	0.998198	0.422266	0.576405	0.494934	0.504570	0.999007	0.000759	0.997815	0.002136	0.002771	0.997153	0.998399	0.001122	0.993180	0.006788	0.499789	0.499789
140	F3	-	0.401239	0.598848	0.400976	0.996632	0.002754	0.998198	0.001734	0.003502	0.996407	0.004961	0.994931	0.002906	0.996926	0.997815	0.002136	0.997153	0.002771	0.499771	0.499771	0.488223	0.511692	0.999320	0.000641
141	F3	-	0.494737	0.334021	0.664568	0.641119	0.350602	0.001734	0.998198	0.499660	0.499660	0.494980	0.504736	0.002906	0.996926	0.002433	0.997247	0.003134	0.996440	0.499771	0.499771	0.696121	0.303745	0.498359	0.498359
142	F3	-	0.455925	0.551005	0.447355	0.146403	0.848356	0.001716	0.997757	0.421134	0.570490	0.997763	0.002188	0.999197	0.000735	0.469079	0.530538	0.997153	0.002771	0.998388	0.001147	0.478579	0.520354	0.000633	0.999217
143	F3	-	0.486364	0.386044	0.613490	0.850342	0.148280	0.998198	0.001734	0.003502	0.996407	0.485083	0.514008	0.009630	0.990050	0.499914	0.499914	0.499951	0.499951	0.001229	0.998351	0.013168	0.986786	0.499423	0.499423
144	F3	-	0.593320	0.504349	0.494791	0.996632	0.002754	0.998198	0.001734	0.499791	0.499791	0.485083	0.514008	0.495534	0.504119	0.499738	0.499738	0.002847	0.996650	0.455080	0.540709	0.110801	0.888616	0.499789	0.499789
145	F3	-	0.535614	0.720905	0.278535	0.996705	0.002849	0.001734	0.998198	0.289989	0.707190	0.997177	0.002453	0.999197	0.000735	0.997815	0.002136	0.731750	0.267115	0.998769	0.001138	0.696121	0.303745	0.499789	0.499789
146	F3	-	0.477010	0.515586	0.484120	0.002622	0.997198	0.499616	0.499616	0.499934	0.499934	0.997763	0.002188	0.494998	0.504547	0.966397	0.033373	0.997153	0.002771	0.001090	0.998390	0.695656	0.303963	0.000633	0.999217
147	F3	-	0.653619	0.381123	0.618116	0.146403	0.848356	0.124014	0.874788	0.995583	0.004040	0.997763	0.002188	0.999197	0.000735	0.033373	0.966397	0.499951	0.499951	0.001147	0.998701	0.013168	0.986786	0.000633	0.999217
148	F3	-	0.351193	0.334594	0.665035	0.002622	0.997198	0.499616	0.499616	0.422266	0.576405	0.004961	0.994931	0.002906	0.996926	0.002136	0.997815	0.499864	0.499864	0.998769	0.001138	0.912322	0.087623	0.000483	0.998831
149	F3	-	0.521864	0.511073	0.486956	0.002641	0.996684	0.001734	0.998198	0.707078	0.288527	0.452821	0.544379	0.495534	0.504119	0.966117	0.032962	0.997153	0.002771	0.453714	0.537265	0.992476	0.007327	0.041463	0.957330
150	F3	-	0.694754	0.299309	0.700367	0.499672	0.499672	0.499570	0.499570	0.003502	0.996407	0.004961	0.994931	0.999007	0.000759	0.469141	0.530613	0.003134	0.996440	0.001147	0.998701	0.013168	0.986786	0.499789	0.499789
151	F3	-	0.521242	0.319973	0.679090	0.499252	0.499252	0.001716	0.997757	0.212504	0.785765	0.997763	0.002188	0.494998	0.504547	0.002136	0.997815	0.499636	0.499636	0.001147	0.998701	0.013168	0.986786	0.477409	0.518458
152	F3	-	0.570885	0.425927	0.573562	0.499493	0.499493	0.874788	0.124014	0.499407	0.499407	0.004961	0.994931	0.486437	0.513209	0.499914	0.499914	0.499951	0.499951	0.499771	0.499771	0.393910	0.605713	0.000633	0.999217
153	F3	-	0.621600	0.576849	0.422806	0.997315	0.002580	0.377175	0.621590	0.995583	0.004040	0.004961	0.994931	0.002906	0.996926	0.997815	0.002136	0.499735	0.499735	0.499771	0.499771	0.393910	0.605713	0.999320	0.000641
154	F3	-	0.343372	0.555907	0.443048	0.499493	0.499493	0.001732	0.997750	0.996407	0.003502	0.288075	0.705127	0.002906	0.996926	0.002132	0.997773	0.997153	0.002771	0.998415	0.001218	0.773825	0.225342	0.998931	0.000577
155	F3	-	0.674958	0.523611	0.475648	0.002867	0.996452	0.001734	0.998198	0.996407	0.003502	0.997763	0.002188	0.999197	0.000735	0.997267	0.001947	0.730817	0.265547	0.001147	0.998701	0.488223	0.511692	0.020689	0.977514
156	F3	-	0.709055	0.688761	0.310920	0.997141	0.002624	0.001734	0.998198	0.996407	0.003502	0.004961	0.994931	0.999007	0.000759	0.997815	0.002136	0.499636	0.499636	0.997679	0.001055	0.393910	0.605713	0.999320	0.000641
157	F3	-	0.505143	0.586199	0.413393	0.002867	0.996452	0.997750	0.001732	0.996407	0.003502	0.494980	0.504736	0.492386	0.507234	0.966397	0.033373	0.002847	0.996650	0.499771	0.499771	0.409535	0.589875	0.999052	0.000609
158	F3	-	0.445727	0.590546	0.408247	0.997146	0.002634	0.001734	0.998198	0.210753	0.783203	0.997763	0.002188	0.009630	0.990050	0.966117	0.032962	0.730817	0.265547	0.998388	0.001147	0.992476	0.007327	0.000633	0.999217
159	F3	-	0.691253	0.592699	0.406269	0.996632	0.002754	0.001734	0.998198	0.995583	0.004040	0.995868	0.001915	0.493065	0.502671	0.936810	0.062788	0.997153	0.002771	0.001229	0.998351	0.488223	0.511692	0.020689	0.977514
160	F3	-	0.446550	0.597266	0.397989	0.293603	0.703089	0.997757	0.001716	0.499660	0.499660	0.996657	0.002208	0.562786	0.432372	0.878571	0.113891	0.256870	0.716562	0.001147	0.998701	0.488223	0.511692	0.997382	0.000000
161	F3	-	0.496362	0.562252	0.437153	0.353263	0.644658	0.997729	0.001941	0.996407	0.003502	0.835883	0.163519	0.009630	0.990050	0.935221	0.064220	0.499636	0.499636	0.001090	0.998390	0.993180	0.006788	0.000483	0.998831
162	F3	-	0.319716	0.283005	0.716246	0.002622	0.997198	0.998198	0.001734	0.003596	0.995821	0.997674	0.002212	0.007921	0.991607	0.002433	0.997247	0.761827	0.233821	0.001147	0.998701	0.013168	0.986786	0.041463	0.957330
163	F3	-	0.549927	0.646963	0.352021	0.997315	0.002580	0.997742	0.001972	0.996407	0.003502	0.992442	0.000000	0.495534	0.504119	0.499815	0.499815	0.002771	0.997153	0.499590	0.499590	0.488223	0.511692	0.499789	0.499789
164	F3	-	0.619970	0.677009	0.321496	0.997315	0.002580	0.998096	0.001759	0.995583	0.004040	0.830978	0.159476	0.999197	0.000735	0.499671	0.499671	0.002847	0.996650	0.954521	0.043512	0.013168	0.986786	0.478715	0.519754
165	F3	-	0.576923	0.220613	0.778030	0.499493	0.499493	0.499793	0.499793	0.003502	0.996407	0.197933	0.795479	0.484644	0.511426	0.004252	0.995638	0.002771	0.997153	0.001147	0.998701	0.013168	0.986786	0.499425	0.499425
166	F3	-	0.655121	0.159122	0.839924	0.002622	0.997198	0.006273	0.993485	0.580647	0.411651	0.494980	0.504736	0.486437	0.513209	0.002136	0.997815	0.003180	0.996438	0.001147	0.998701	0.013168	0.986786	0.000633	0.999217
167	F3	-	0.477262	0.419392	0.579397	0.002622	0.997198	0.499616	0.499616	0.499660	0.499660	0.197933	0.795479	0.486437	0.513209	0.499815	0.499815	0.997153	0.002771	0.997033	0.000602	0.013168	0.986786	0.000483	0.998831
168	F3	-	0.565609	0.468604	0.530491	0.499672	0.499672	0.499910	0.499910	0.212504	0.785765	0.006171	0.993130	0.495534	0.504119	0.966397	0.033373	0.499951	0.499951	0.499771	0.499771	0.488223	0.511692	0.517909	0.477529
169	F3	-	0.597571	0.515399	0.482311	0.499493	0.499493	0.621590	0.377175	0.576405	0.422266	0.377758	0.610334	0.999197	0.000735	0.499914	0.499914	0.499636	0.499636	0.086181	0.907551	0.993180	0.006788	0.000633	0.999217
170	F3	-	0.523435	0.530200	0.468803	0.499252	0.499252	0.001734	0.998198	0.786123	0.213013	0.494980	0.504736	0.484644	0.511426	0.499815	0.499815	0.499951	0.499951	0.042997	0.954206	0.993180	0.006788	0.999320	0.000641
171	F3	-	0.391826	0.389604	0.606822	0.002622	0.997198	0.001734	0.998198	0.410174	0.560279	0.494980	0.504736	0.493065	0.502671	0.002136	0.997815	0.499951	0.499951	0.998415	0.001218	0.992476	0.007327	0.000483	0.998831
172	F3	-	0.304886	0.396351	0.603215	0.002867	0.996452	0.499570	0.499570	0.499791	0.499791	0.004961	0.994931	0.002906	0.996926	0.002136	0.997815	0.002847	0.996650	0.998415	0.001218	0.992476	0.007327	0.957539	0.041467
173	F3	-	0.548864	0.351395	0.648266	0.499672	0.499672	0.499910	0.499910	0.499934	0.499934	0.494980	0.504736	0.002906	0.996926	0.499738	0.499738	0.003441	0.995649	0.001147	0.998701	0.013168	0.986786	0.999052	0.000609
174	F3	-	0.590692	0.597698	0.400680	0.996632	0.002754	0.001734	0.998198	0.499660	0.499660	0.992442	0.000000	0.484644	0.511426	0.966397	0.033373	0.499735	0.499735	0.541922	0.455654	0.993180	0.006788	0.000633	0.999217
175	F3	-	0.536337	0.521798	0.476657	0.353263	0.644658	0.374626	0.619795	0.499791	0.499791	0.494980	0.504736	0.562786	0.432372	0.878393	0.120616	0.499951	0.499951	0.998388	0.001147	0.056011	0.943720	0.499789	0.499789
176	F3	-	0.625868	0.371996	0.626726	0.499120	0.499120	0.001972	0.997742	0.499934	0.499934	0.006171	0.993130	0.495534	0.504119	0.499356	0.499356	0.728711	0.263679	0.001147	0.998701	0.488223	0.511692	0.499789	0.499789
177	F3	-	0.459489	0.552915	0.446147	0.351713	0.643454	0.998198	0.001734	0.213013	0.786123	0.291407	0.708031	0.999060	0.000790	0.499738	0.499738	0.002771	0.997153	0.499590	0.499590	0.695656	0.303963	0.978009	0.020895
178	F3	-	0.519824	0.571729	0.427446	0.002513	0.996430	0.001734	0.998198	0.996407	0.003502	0.997510	0.002170	0.494674	0.502947	0.966318	0.033257	0.265547	0.730817	0.998769	0.001138	0.993180	0.006788	0.000633	0.999217
179	F3	-	0.600592	0.645146	0.353931	0.704203	0.293937	0.499910	0.499910	0.996407	0.003502	0.494980	0.504736	0.562786	0.432372	0.966397	0.033373	0.235521	0.763344	0.998769	0.001138	0.991858	0.007784	0.000633	0.999217
180	F3	-	0.267536	0.555839	0.440389	0.353263	0.644658	0.998198	0.001734	0.202482	0.773852	0.494934	0.504570	0.563331	0.433416	0.002136	0.997815	0.499735	0.499735	0.951340	0.041530	0.993180	0.006788	0.499789	0.499789
181	F3	-	0.504692	0.523652	0.474460	0.641119	0.350602	0.499502	0.499502	0.995821	0.003596	0.192073	0.800881	0.009630	0.990050	0.499738	0.499738	0.997153	0.002771	0.499771	0.499771	0.401921	0.597899	0.499789	0.499789
182	F3	-	0.252062	0.648226	0.351632	0.002622	0.997198	0.998198	0.001734	0.996407	0.003502	0.997763	0.002188	0.002906	0.996926	0.499894	0.499894	0.997153	0.002771	0.499771	0.499771	0.488223	0.511692	0.999320	0.000641
183	F3	-	0.362218	0.636559	0.362153	0.002513	0.996430	0.874788	0.124014	0.996407	0.003502	0.194920	0.804428	0.002906	0.996926	0.997815	0.002136	0.996438	0.003180	0.906966	0.084625	0.393910	0.605713	0.998931	0.000577
184	F3	-	0.561172	0.580503	0.419088	0.499252	0.499252	0.998198	0.001734	0.213013	0.786123	0.004961	0.994931	0.999060	0.000790	0.997815	0.002136	0.997153	0.002771	0.001055	0.998122	0.095201	0.904380	0.999320	0.000641
185	F3	-	0.548972	0.648471	0.351090	0.995162	0.002471	0.001734	0.998198	0.499934	0.499934	0.006171	0.993130	0.494998	0.504547	0.997815	0.002136	0.997153	0.002771	0.998769	0.001138	0.993180	0.006788	0.499789	0.499789
186	F3	-	0.698046	0.195842	0.800182	0.002622	0.997198	0.001972	0.997742	0.499934	0.499934	0.197933	0.795479	0.484644	0.511426	0.499738	0.499738	0.256870	0.716562	0.001055	0.998122	0.013168	0.986786	0.000483	0.998831
187	F3	-	0.400986	0.798137	0.201739	0.002622	0.997198	0.998198	0.001734	0.996407	0.003502	0.997763	0.002188	0.999197	0.000735	0.997815	0.002136	0.997153	0.002771	0.998399	0.001122	0.993180	0.006788	0.000633	0.999217
188	F3	-	0.400782	0.598563	0.400679	0.995162	0.002471	0.499622	0.499622	0.003502	0.996407	0.494980	0.504736	0.996929	0.000000	0.002136	0.997815	0.002771	0.997153	0.998415	0.001218	0.993180	0.006788	0.998931	0.000577
189	F3	-	0.570563	0.469822	0.529210	0.704203	0.293937	0.499910	0.499910	0.003502	0.996407	0.996767	0.002372	0.996173	0.000000	0.499914	0.499914	0.003180	0.996438	0.000754	0.997112	0.993180	0.006788	0.000633	0.999217
190	F3	-	0.401963	0.300616	0.698929	0.002622	0.997198	0.499622	0.499622	0.004080	0.995481	0.997763	0.002188	0.007921	0.991607	0.499914	0.499914	0.002771	0.997153	0.499590	0.499590	0.013168	0.986786	0.478715	0.519754
191	F3	-	0.145960	0.651634	0.347876	0.499672	0.499672	0.998198	0.001734	0.422266	0.576405	0.997332	0.002143	0.002906	0.996926	0.064220	0.935221	0.997153	0.002771	0.542096	0.456455	0.993180	0.006788	0.999320	0.000641
192	F3	-	0.525569	0.573873	0.425649	0.002622	0.997198	0.499622	0.499622	0.499934	0.499934	0.997763	0.002188	0.999197	0.000735	0.997267	0.001947	0.763344	0.235521	0.499771	0.499771	0.478579	0.520354	0.000633	0.999217
193	F3	-	0.594268	0.796870	0.202440	0.996705	0.002849	0.499622	0.499622	0.996407	0.003502	0.996767	0.002372	0.999197	0.000735	0.966318	0.033257	0.499864	0.499864	0.541922	0.455654	0.993180	0.006788	0.478715	0.519754
194	F3	-	0.399019	0.301095	0.698296	0.002622	0.997198	0.001734	0.998198	0.003502	0.996407	0.997763	0.002188	0.493065	0.502671	0.002136	0.997815	0.996552	0.002709	0.499771	0.499771	0.013168	0.986786	0.000633	0.999217
195	F3	-	0.406021	0.490981	0.508294	0.002641	0.996684	0.001972	0.997742	0.996407	0.003502	0.194920	0.804428	0.484644	0.511426	0.002433	0.997247	0.235521	0.763344	0.998769	0.001138	0.993180	0.006788	0.999320	0.000641
196	F3	-	0.349617	0.440802	0.557005	0.002622	0.997198	0.499502	0.499502	0.004080	0.995481	0.664593	0.318424	0.486437	0.513209	0.469132	0.530258	0.499735	0.499735	0.086477	0.911856	0.696121	0.303745	0.999320	0.000641
197	F3	-	0.452643	0.573620	0.424019	0.643454	0.351713	0.120026	0.865872	0.003502	0.996407	0.482700	0.516126	0.494674	0.502947	0.997815	0.002136	0.003134	0.996440	0.998399	0.001122	0.993180	0.006788	0.999320	0.000641
198	F3	-	0.427929	0.628713	0.369868	0.499672	0.499672	0.996016	0.001351	0.290699	0.708548	0.991426	0.000000	0.999197	0.000735	0.499750	0.499750	0.996650	0.002847	0.001229	0.998351	0.013168	0.986786	0.999320	0.000641
199	F3	-	0.677159	0.419183	0.577235	0.499493	0.499493	0.997750	0.001732	0.499824	0.499824	0.664593	0.318424	0.555499	0.430284	0.936810	0.062788	0.002771	0.997153	0.001229	0.998351	0.013168	0.986786	0.020689	0.977514
200	F3	-	0.400362	0.401630	0.598064	0.002867	0.996452	0.499622	0.499622	0.996247	0.003580	0.494934	0.504570	0.009630	0.990050	0.002136	0.997815	0.997153	0.002771	0.001229	0.998351	0.013168	0.986786	0.999320	0.000641
201	F3	-	0.596470	0.497719	0.499358	0.350602	0.641119	0.001734	0.998198	0.212504	0.785765	0.647494	0.341109	0.918670	0.079450	0.997815	0.002136	0.499951	0.499951	0.455080	0.540709	0.393910	0.605713	0.499425	0.499425
202	F3	-	0.644989	0.609654	0.388370	0.499252	0.499252	0.001734	0.998198	0.786123	0.213013	0.793496	0.205485	0.999060	0.000790	0.997247	0.002433	0.531203	0.453526	0.001147	0.998701	0.488223	0.511692	0.999052	0.000609
203	F3	-	0.472370	0.720100	0.279230	0.499493	0.499493	0.998198	0.001734	0.499407	0.499407	0.004961	0.994931	0.999007	0.000759	0.966117	0.032962	0.763344	0.235521	0.998769	0.001138	0.993180	0.006788	0.478528	0.519568
204	F3	-	0.496573	0.398941	0.599044	0.002622	0.997198	0.124014	0.874788	0.995638	0.003321	0.835883	0.163519	0.486437	0.513209	0.002136	0.997815	0.531203	0.453526	0.997679	0.001055	0.013168	0.986786	0.000633	0.999217
205	F3	-	0.495482	0.495029	0.504313	0.499672	0.499672	0.499502	0.499502	0.499791	0.499791	0.004961	0.994931	0.484644	0.511426	0.469184	0.530711	0.499951	0.499951	0.998769	0.001138	0.993180	0.006788	0.000633	0.999217
206	F3	-	0.692050	0.205549	0.794185	0.002622	0.997198	0.001734	0.998198	0.499934	0.499934	0.004961	0.994931	0.486437	0.513209	0.499914	0.499914	0.003134	0.996440	0.001147	0.998701	0.056011	0.943720	0.499601	0.499601
207	F3	-	0.322764	0.526023	0.470265	0.002622	0.997198	0.001734	0.998198	0.708548	0.290699	0.485083	0.514008	0.486437	0.513209	0.063604	0.935115	0.520988	0.445668	0.998769	0.001138	0.993180	0.006788	0.999262	0.000631
208	F3	-	0.549522	0.052553	0.947240	0.002622	0.997198	0.001734	0.998198	0.003502	0.996407	0.494980	0.504736	0.002906	0.996926	0.002136	0.997815	0.002771	0.997153	0.001229	0.998351	0.013168	0.986786	0.000483	0.998831
209	F3	-	0.620514	0.291226	0.707291	0.002641	0.996684	0.375423	0.620674	0.996247	0.003580	0.329651	0.669431	0.560566	0.431284	0.002136	0.997815	0.002821	0.997023	0.001147	0.998701	0.141893	0.857980	0.499737	0.499737
210	F3	-	0.425525	0.661439	0.337890	0.499644	0.499644	0.001734	0.998198	0.003502	0.996407	0.494980	0.504736	0.999007	0.000759	0.935221	0.064220	0.730817	0.265547	0.998769	0.001138	0.993180	0.006788	0.957539	0.041467
211	F3	-	0.377150	0.519425	0.478959	0.002622	0.997198	0.997742	0.001972	0.004040	0.995583	0.991426	0.000000	0.484644	0.511426	0.997247	0.002433	0.499951	0.499951	0.499771	0.499771	0.696121	0.303745	0.020689	0.977514
212	F3	-	0.558171	0.581456	0.417489	0.704203	0.293937	0.499910	0.499910	0.996407	0.003502	0.647451	0.351416	0.999197	0.000735	0.002433	0.997247	0.499951	0.499951	0.952237	0.041805	0.013168	0.986786	0.499601	0.499601
213	F3	-	0.378435	0.522467	0.477091	0.002622	0.997198	0.499502	0.499502	0.004333	0.994559	0.494980	0.504736	0.999007	0.000759	0.499894	0.499894	0.731750	0.267115	0.998769	0.001138	0.993180	0.006788	0.000633	0.999217
214	F3	-	0.586919	0.697509	0.301634	0.997315	0.002580	0.001734	0.998198	0.996407	0.003502	0.996767	0.002372	0.494674	0.502947	0.935112	0.061627	0.499636	0.499636	0.998388	0.001147	0.056011	0.943720	0.999052	0.000609
215	F3	-	0.511507	0.391718	0.607487	0.499493	0.499493	0.002118	0.996663	0.499934	0.499934	0.996767	0.002372	0.484644	0.511426	0.033373	0.966397	0.997153	0.002771	0.001147	0.998701	0.401921	0.597899	0.000633	0.999217
216	F3	-	0.539868	0.712870	0.283546	0.499672	0.499672	0.375423	0.620674	0.996407	0.003502	0.995868	0.001915	0.895311	0.089673	0.878571	0.113891	0.993384	0.001166	0.001090	0.998390	0.993180	0.006788	0.499789	0.499789
217	F3	-	0.771064	0.404046	0.594851	0.002513	0.996430	0.001734	0.998198	0.996407	0.003502	0.647451	0.351416	0.999197	0.000735	0.878571	0.113891	0.499636	0.499636	0.001147	0.998701	0.013168	0.986786	0.000633	0.999217
218	F3	-	0.523138	0.270077	0.728721	0.002622	0.997198	0.499502	0.499502	0.004040	0.995583	0.197933	0.795479	0.495534	0.504119	0.469132	0.530258	0.499636	0.499636	0.043512	0.954521	0.488223	0.511692	0.000633	0.999217
219	F3	-	0.441915	0.440963	0.558133	0.002622	0.997198	0.001734	0.998198	0.416896	0.575916	0.997763	0.002188	0.495534	0.504119	0.499914	0.499914	0.002771	0.997153	0.998769	0.001138	0.993180	0.006788	0.000450	0.998721
220	F3	-	0.565977	0.273891	0.724484	0.002641	0.996684	0.001941	0.997729	0.702183	0.287985	0.996767	0.002372	0.494998	0.504547	0.002136	0.997815	0.002847	0.996650	0.043512	0.954521	0.013168	0.986786	0.478715	0.519754
221	F3	-	0.346195	0.447663	0.551954	0.002622	0.997198	0.001732	0.997750	0.003502	0.996407	0.494980	0.504736	0.495534	0.504119	0.469184	0.530711	0.996438	0.003180	0.998769	0.001138	0.993180	0.006788	0.020689	0.977514
222	F3	-	0.705669	0.152933	0.846297	0.293603	0.703089	0.001941	0.997729	0.996407	0.003502	0.194920	0.804428	0.002906	0.996926	0.002136	0.997815	0.002771	0.997153	0.001147	0.998701	0.013168	0.986786	0.020334	0.976840
223	F3	-	0.414654	0.613171	0.385713	0.641119	0.350602	0.499616	0.499616	0.996407	0.003502	0.997177	0.002453	0.002906	0.996926	0.499914	0.499914	0.002771	0.997153	0.499569	0.499569	0.993180	0.006788	0.999052	0.000609
224	F3	-	0.324017	0.279461	0.720276	0.002867	0.996452	0.001734	0.998198	0.003502	0.996407	0.997763	0.002188	0.009630	0.990050	0.002136	0.997815	0.763344	0.235521	0.001147	0.998701	0.013168	0.986786	0.999320	0.000641
225	F3	-	0.488442	0.374331	0.624718	0.002622	0.997198	0.375423	0.620674	0.786123	0.213013	0.494980	0.504736	0.494674	0.502947	0.033373	0.966397	0.499735	0.499735	0.001055	0.998122	0.056011	0.943720	0.999320	0.000641
226	F3	-	0.453004	0.630593	0.368650	0.002622	0.997198	0.001734	0.998198	0.995481	0.004080	0.194920	0.804428	0.486437	0.513209	0.935112	0.061627	0.997153	0.002771	0.997033	0.000602	0.696121	0.303745	0.999320	0.000641
227	F3	-	0.518114	0.508735	0.490076	0.643454	0.351713	0.499910	0.499910	0.996407	0.003502	0.485083	0.514008	0.495534	0.504119	0.002136	0.997815	0.997153	0.002771	0.455080	0.540709	0.013168	0.986786	0.499423	0.499423
228	F3	-	0.645767	0.552856	0.446255	0.996632	0.002754	0.001941	0.997729	0.003502	0.996407	0.997763	0.002188	0.999197	0.000735	0.997815	0.002136	0.002771	0.997153	0.041400	0.951116	0.488223	0.511692	0.999320	0.000641
229	F3	-	0.406220	0.486231	0.511773	0.002622	0.997198	0.001734	0.998198	0.499934	0.499934	0.197933	0.795479	0.002906	0.996926	0.966318	0.033257	0.997153	0.002771	0.949616	0.039588	0.744492	0.254782	0.499601	0.499601
230	F3	-	0.502610	0.765315	0.233577	0.353263	0.644658	0.499616	0.499616	0.990588	0.002932	0.329651	0.669431	0.999136	0.000749	0.997815	0.002136	0.997153	0.002771	0.998388	0.001147	0.488223	0.511692	0.999320	0.000641
231	F3	-	0.334742	0.635890	0.363637	0.849632	0.147400	0.998198	0.001734	0.996407	0.003502	0.997763	0.002188	0.005236	0.994508	0.002433	0.997247	0.997153	0.002771	0.499590	0.499590	0.013168	0.986786	0.999320	0.000641
232	F3	-	0.617535	0.574867	0.424435	0.996705	0.002849	0.998198	0.001734	0.499407	0.499407	0.194920	0.804428	0.999060	0.000790	0.469132	0.530258	0.002847	0.996650	0.001147	0.998701	0.589875	0.409535	0.997382	0.000000
233	F3	-	0.649382	0.748362	0.251348	0.996632	0.002754	0.001734	0.998198	0.995638	0.003321	0.997763	0.002188	0.999197	0.000735	0.997815	0.002136	0.002771	0.997153	0.499569	0.499569	0.993180	0.006788	0.999320	0.000641
234	F3	-	0.681590	0.413962	0.584604	0.996705	0.002849	0.998198	0.001734	0.003502	0.996407	0.639246	0.347848	0.486437	0.513209	0.997815	0.002136	0.002771	0.997153	0.001147	0.998701	0.013168	0.986786	0.000633	0.999217
235	F3	-	0.455920	0.444672	0.554566	0.499493	0.499493	0.122466	0.873192	0.996407	0.003502	0.329651	0.669431	0.007921	0.991607	0.002136	0.997815	0.002771	0.997153	0.998388	0.001147	0.488223	0.511692	0.999262	0.000631
236	F3	-	0.669419	0.524227	0.475417	0.997146	0.002634	0.001716	0.997757	0.996407	0.003502	0.494980	0.504736	0.009630	0.990050	0.966397	0.033373	0.003134	0.996440	0.998399	0.001122	0.773825	0.225342	0.000633	0.999217
237	F3	-	0.247258	0.653179	0.346437	0.002622	0.997198	0.998198	0.001734	0.499934	0.499934	0.997763	0.002188	0.999197	0.000735	0.002136	0.997815	0.996440	0.003134	0.042997	0.954206	0.993180	0.006788	0.999320	0.000641
238	F3	-	0.796375	0.398885	0.600376	0.996705	0.002849	0.001972	0.997742	0.996407	0.003502	0.494934	0.504570	0.486437	0.513209	0.499914	0.499914	0.002771	0.997153	0.455080	0.540709	0.013168	0.986786	0.041463	0.957330
239	F3	-	0.453462	0.445687	0.550947	0.499672	0.499672	0.499910	0.499910	0.499934	0.499934	0.494980	0.504736	0.010574	0.985422	0.499914	0.499914	0.256870	0.716562	0.499565	0.499565	0.695656	0.303963	0.499789	0.499789
240	F3	-	0.601434	0.399428	0.599696	0.499493	0.499493	0.997757	0.001716	0.995821	0.003596	0.494980	0.504736	0.010574	0.985422	0.499914	0.499914	0.002771	0.997153	0.001090	0.998390	0.013168	0.986786	0.478715	0.519754
241	F3	-	0.649177	0.448724	0.550745	0.499493	0.499493	0.246112	0.752488	0.996407	0.003502	0.004961	0.994931	0.495534	0.504119	0.499738	0.499738	0.731750	0.267115	0.001147	0.998701	0.013168	0.986786	0.998931	0.000577
242	F3	-	0.551276	0.449425	0.550375	0.002867	0.996452	0.001734	0.998198	0.004040	0.995583	0.004961	0.994931	0.999197	0.000735	0.997815	0.002136	0.002771	0.997153	0.998769	0.001138	0.982303	0.017635	0.499789	0.499789
243	F3	-	0.422700	0.279453	0.719436	0.002641	0.996684	0.996663	0.002118	0.003502	0.996407	0.004961	0.994931	0.009630	0.990050	0.499914	0.499914	0.263679	0.728711	0.001055	0.998122	0.013168	0.986786	0.999320	0.000641
244	F3	-	0.369395	0.439345	0.560415	0.042597	0.956875	0.998198	0.001734	0.996407	0.003502	0.835883	0.163519	0.002906	0.996926	0.002433	0.997247	0.002771	0.997153	0.499771	0.499771	0.013168	0.986786	0.999320	0.000641
245	F3	-	0.613112	0.515654	0.483781	0.644658	0.353263	0.499910	0.499910	0.003596	0.995821	0.997763	0.002188	0.999197	0.000735	0.997815	0.002136	0.002771	0.997153	0.997033	0.000602	0.013168	0.986786	0.000633	0.999217
246	F3	-	0.697259	0.401658	0.597765	0.994848	0.001568	0.499616	0.499616	0.499934	0.499934	0.004961	0.994931	0.002906	0.996926	0.997815	0.002136	0.003134	0.996440	0.001147	0.998701	0.013168	0.986786	0.999052	0.000609
247	F3	-	0.629023	0.370578	0.629229	0.997315	0.002580	0.499910	0.499910	0.996407	0.003502	0.194920	0.804428	0.002906	0.996926	0.002136	0.997815	0.997153	0.002771	0.001229	0.998351	0.013168	0.986786	0.000633	0.999217
248	F3	-	0.812056	0.315190	0.684246	0.850342	0.148280	0.001941	0.997729	0.786123	0.213013	0.494980	0.504736	0.999007	0.000759	0.001947	0.997267	0.002709	0.996552	0.001055	0.998122	0.013168	0.986786	0.000633	0.999217
249	F3	-	0.488157	0.517704	0.482021	0.996705	0.002849	0.998198	0.001734	0.499660	0.499660	0.997177	0.002453	0.002906	0.996926	0.530711	0.469184	0.002771	0.997153	0.001147	0.998701	0.647979	0.351763	0.499789	0.499789
250	F3	-	0.598893	0.301509	0.698017	0.499672	0.499672	0.499622	0.499622	0.003502	0.996407	0.014575	0.985066	0.002906	0.996926	0.997815	0.002136	0.002771	0.997153	0.000419	0.997185	0.993180	0.006788	0.000633	0.999217
251	F3	-	0.501051	0.501989	0.497575	0.499252	0.499252	0.499910	0.499910	0.499791	0.499791	0.014575	0.985066	0.486437	0.513209	0.530711	0.469184	0.997153	0.002771	0.499569	0.499569	0.991858	0.007784	0.000633	0.999217
252	F3	-	0.272625	0.669370	0.329971	0.002622	0.997198	0.499502	0.499502	0.707078	0.288527	0.494934	0.504570	0.999007	0.000759	0.002136	0.997815	0.997153	0.002771	0.998769	0.001138	0.993180	0.006788	0.999320	0.000641
253	F3	-	0.652752	0.451374	0.548304	0.499644	0.499644	0.001759	0.998096	0.995583	0.004040	0.004961	0.994931	0.495534	0.504119	0.530711	0.469184	0.997153	0.002771	0.499771	0.499771	0.488223	0.511692	0.000398	0.998792
254	F3	-	0.557340	0.447718	0.551344	0.996760	0.002665	0.001734	0.998198	0.996407	0.003502	0.004961	0.994931	0.002906	0.996926	0.033373	0.966397	0.002771	0.997153	0.951116	0.041400	0.488223	0.511692	0.998931	0.000577
255	F3	-	0.162052	0.559648	0.440129	0.002622	0.997198	0.001734	0.998198	0.499791	0.499791	0.997763	0.002188	0.073044	0.926211	0.033373	0.966397	0.997153	0.002771	0.998769	0.001138	0.993180	0.006788	0.999052	0.000609
256	F3	-	0.496840	0.401333	0.597363	0.499672	0.499672	0.122357	0.871817	0.499660	0.499660	0.997177	0.002453	0.494998	0.504547	0.002136	0.997815	0.499636	0.499636	0.001147	0.998701	0.396811	0.599591	0.499737	0.499737
257	F3	-	0.353347	0.346732	0.652519	0.002867	0.996452	0.001941	0.997729	0.003502	0.996407	0.997763	0.002188	0.494998	0.504547	0.002136	0.997815	0.996440	0.003134	0.455080	0.540709	0.013168	0.986786	0.499425	0.499425
258	F3	-	0.648965	0.252504	0.747284	0.499672	0.499672	0.001716	0.997757	0.996407	0.003502	0.997763	0.002188	0.009630	0.990050	0.002136	0.997815	0.002771	0.997153	0.001147	0.998701	0.013168	0.986786	0.000633	0.999217
259	F3	-	0.731132	0.493029	0.505725	0.146403	0.848356	0.001716	0.997757	0.996407	0.003502	0.029537	0.970205	0.993288	0.006537	0.988053	0.011686	0.761517	0.233107	0.001147	0.998701	0.013168	0.986786	0.999052	0.000609
260	F3	-	0.522227	0.575981	0.423685	0.002622	0.997198	0.499910	0.499910	0.996407	0.003502	0.494934	0.504570	0.495534	0.504119	0.997815	0.002136	0.499735	0.499735	0.998399	0.001122	0.773825	0.225342	0.000633	0.999217
261	F3	-	0.659668	0.634981	0.364309	0.994848	0.001568	0.874788	0.124014	0.995481	0.004080	0.004961	0.994931	0.486437	0.513209	0.997815	0.002136	0.003134	0.996440	0.998769	0.001138	0.993180	0.006788	0.000398	0.998792
262	F3	-	0.500751	0.499822	0.499865	0.997315	0.002580	0.001972	0.997742	0.994559	0.004333	0.004961	0.994931	0.009630	0.990050	0.002136	0.997815	0.499951	0.499951	0.996052	0.003671	0.991858	0.007784	0.499789	0.499789
263	F3	-	0.549940	0.549513	0.450268	0.002622	0.997198	0.499793	0.499793	0.996407	0.003502	0.004777	0.994483	0.999136	0.000749	0.499864	0.499864	0.499951	0.499951	0.998769	0.001138	0.993180	0.006788	0.000633	0.999217
264	F3	-	0.425354	0.612480	0.386340	0.997315	0.002580	0.997750	0.001732	0.708548	0.290699	0.004961	0.994931	0.486437	0.513209	0.002136	0.997815	0.997153	0.002771	0.537270	0.453314	0.393910	0.605713	0.999320	0.000641
265	F3	-	0.532601	0.764399	0.233991	0.997315	0.002580	0.997757	0.001716	0.996407	0.003502	0.997763	0.002188	0.999197	0.000735	0.499864	0.499864	0.754743	0.231058	0.998388	0.001147	0.401921	0.597899	0.000633	0.999217
266	F3	-	0.502676	0.492624	0.506467	0.979252	0.020374	0.001972	0.997742	0.996407	0.003502	0.997763	0.002188	0.002906	0.996926	0.002136	0.997815	0.731750	0.267115	0.001229	0.998351	0.693142	0.302404	0.519682	0.478257
267	F3	-	0.507914	0.647541	0.352074	0.996632	0.002754	0.998198	0.001734	0.786123	0.213013	0.006171	0.993130	0.495534	0.504119	0.499914	0.499914	0.997153	0.002771	0.499771	0.499771	0.696121	0.303745	0.499789	0.499789
268	F3	-	0.342245	0.549556	0.449780	0.460171	0.537366	0.997757	0.001716	0.995583	0.004040	0.004961	0.994931	0.002906	0.996926	0.002136	0.997815	0.997153	0.002771	0.541922	0.455654	0.993180	0.006788	0.499789	0.499789
269	F3	-	0.524264	0.628344	0.370165	0.002622	0.997198	0.997750	0.001732	0.783203	0.210753	0.376063	0.622788	0.993288	0.006537	0.988053	0.011686	0.233821	0.761827	0.499391	0.499391	0.410468	0.589228	0.998779	0.000509
270	F3	-	0.294423	0.705699	0.292947	0.002622	0.997198	0.998198	0.001734	0.995638	0.003321	0.647451	0.351416	0.009130	0.986720	0.996988	0.002386	0.761517	0.233107	0.998415	0.001218	0.647979	0.351763	0.999052	0.000609
271	F3	-	0.562649	0.244412	0.755120	0.996632	0.002754	0.001351	0.996016	0.004040	0.995583	0.004961	0.994931	0.002906	0.996926	0.033373	0.966397	0.997153	0.002771	0.001147	0.998701	0.401921	0.597899	0.000633	0.999217
272	F3	-	0.504321	0.433425	0.566353	0.997315	0.002580	0.001734	0.998198	0.213013	0.786123	0.993218	0.006599	0.009630	0.990050	0.469184	0.530711	0.002771	0.997153	0.998769	0.001138	0.647979	0.351763	0.000633	0.999217
273	F3	-	0.327478	0.522441	0.476738	0.002622	0.997198	0.001734	0.998198	0.288527	0.707078	0.485083	0.514008	0.459670	0.539140	0.499914	0.499914	0.996440	0.003134	0.998769	0.001138	0.991858	0.007784	0.499789	0.499789
274	F3	-	0.252851	0.547778	0.452025	0.002867	0.996452	0.001759	0.998096	0.995583	0.004040	0.494980	0.504736	0.002906	0.996926	0.002136	0.997815	0.997153	0.002771	0.998769	0.001138	0.982303	0.017635	0.999320	0.000641
275	F3	-	0.708375	0.490703	0.509048	0.002867	0.996452	0.001734	0.998198	0.996407	0.003502	0.014575	0.985066	0.999060	0.000790	0.997815	0.002136	0.002771	0.997153	0.499771	0.499771	0.393910	0.605713	0.998120	0.001696
276	F3	-	0.472081	0.361382	0.637912	0.002513	0.996430	0.001732	0.997750	0.499660	0.499660	0.452821	0.544379	0.167411	0.831805	0.499869	0.499869	0.002771	0.997153	0.499771	0.499771	0.488223	0.511692	0.999052	0.000609
277	F3	-	0.569789	0.529483	0.470110	0.002622	0.997198	0.001734	0.998198	0.996407	0.003502	0.494980	0.504736	0.999197	0.000735	0.499738	0.499738	0.267115	0.731750	0.998399	0.001122	0.993180	0.006788	0.041463	0.957330
278	F3	-	0.575146	0.519315	0.480412	0.997315	0.002580	0.001734	0.998198	0.499934	0.499934	0.997763	0.002188	0.009630	0.990050	0.966397	0.033373	0.731750	0.267115	0.499771	0.499771	0.488223	0.511692	0.000633	0.999217
279	F3	-	0.366730	0.732065	0.267274	0.499493	0.499493	0.001734	0.998198	0.996407	0.003502	0.834256	0.161209	0.002906	0.996926	0.997815	0.002136	0.997153	0.002771	0.998769	0.001138	0.993180	0.006788	0.998931	0.000577
280	F3	-	0.691787	0.598549	0.400897	0.460171	0.537366	0.998198	0.001734	0.995638	0.003321	0.997763	0.002188	0.999197	0.000735	0.997267	0.001947	0.002771	0.997153	0.001147	0.998701	0.013168	0.986786	0.520171	0.479034
281	F3	-	0.640901	0.590476	0.406404	0.499252	0.499252	0.001357	0.995659	0.694904	0.281422	0.997763	0.002188	0.999197	0.000735	0.966397	0.033373	0.267115	0.731750	0.001147	0.998701	0.478579	0.520354	0.999052	0.000609
282	F3	-	0.772399	0.323735	0.675508	0.499252	0.499252	0.001734	0.998198	0.499934	0.499934	0.004961	0.994931	0.486437	0.513209	0.997815	0.002136	0.233821	0.761827	0.499590	0.499590	0.013168	0.986786	0.000633	0.999217
283	F3	-	0.492335	0.607325	0.392280	0.002867	0.996452	0.998198	0.001734	0.499934	0.499934	0.004777	0.994483	0.999197	0.000735	0.997815	0.002136	0.996440	0.003134	0.086477	0.911856	0.488223	0.511692	0.999320	0.000641
284	F3	-	0.499898	0.499802	0.499732	0.499493	0.499493	0.998198	0.001734	0.499407	0.499407	0.004961	0.994931	0.002906	0.996926	0.997815	0.002136	0.002709	0.996552	0.499562	0.499562	0.993180	0.006788	0.499789	0.499789
285	F3	-	0.599176	0.791782	0.207263	0.997315	0.002580	0.998198	0.001734	0.996407	0.003502	0.997763	0.002188	0.999197	0.000735	0.966397	0.033373	0.499951	0.499951	0.001055	0.998122	0.488223	0.511692	0.973313	0.018759
286	F3	-	0.789723	0.469997	0.528294	0.823611	0.171131	0.122466	0.873192	0.996407	0.003502	0.004961	0.994931	0.486437	0.513209	0.997815	0.002136	0.233107	0.761517	0.001147	0.998701	0.056011	0.943720	0.978009	0.020895
287	F3	-	0.523281	0.574283	0.425365	0.002622	0.997198	0.998198	0.001734	0.996407	0.003502	0.482700	0.516126	0.492386	0.507234	0.997815	0.002136	0.997153	0.002771	0.001090	0.998390	0.773825	0.225342	0.000633	0.999217
288	F3	-	0.469064	0.623775	0.375559	0.002622	0.997198	0.998198	0.001734	0.996407	0.003502	0.997177	0.002453	0.999007	0.000759	0.469184	0.530711	0.761517	0.233107	0.001147	0.998701	0.013168	0.986786	0.999320	0.000641
289	F3	-	0.598474	0.700182	0.299586	0.997315	0.002580	0.499910	0.499910	0.499407	0.499407	0.997763	0.002188	0.999197	0.000735	0.997815	0.002136	0.997045	0.002806	0.001147	0.998701	0.013168	0.986786	0.999052	0.000609
290	F3	-	0.445014	0.455546	0.544193	0.002622	0.997198	0.997757	0.001716	0.499934	0.499934	0.997763	0.002188	0.999197	0.000735	0.002136	0.997815	0.499636	0.499636	0.499771	0.499771	0.056011	0.943720	0.000633	0.999217
291	F3	-	0.695143	0.696322	0.303230	0.997315	0.002580	0.499910	0.499910	0.996407	0.003502	0.997763	0.002188	0.999197	0.000735	0.966397	0.033373	0.996440	0.003134	0.001229	0.998351	0.488223	0.511692	0.020334	0.976840
292	F3	-	0.505974	0.313663	0.685952	0.002622	0.997198	0.998198	0.001734	0.995583	0.004040	0.004961	0.994931	0.024417	0.975139	0.076330	0.922353	0.499951	0.499951	0.001229	0.998351	0.013168	0.986786	0.520171	0.479034
293	F3	-	0.636550	0.364159	0.635532	0.997315	0.002580	0.621590	0.377175	0.995583	0.004040	0.997763	0.002188	0.009630	0.990050	0.002136	0.997815	0.002771	0.997153	0.001147	0.998701	0.013168	0.986786	0.000483	0.998831
294	F3	-	0.389157	0.725597	0.273918	0.499493	0.499493	0.998198	0.001734	0.576405	0.422266	0.997763	0.002188	0.999007	0.000759	0.499738	0.499738	0.997153	0.002771	0.998769	0.001138	0.647979	0.351763	0.041463	0.957330
295	F3	-	0.582451	0.399304	0.599706	0.002513	0.996430	0.001732	0.997750	0.910831	0.088343	0.674383	0.324607	0.002906	0.996926	0.996382	0.003479	0.761517	0.233107	0.001147	0.998701	0.141893	0.857980	0.499737	0.499737
296	F3	-	0.627336	0.692788	0.305160	0.637059	0.346955	0.001734	0.998198	0.995583	0.004040	0.453637	0.545199	0.993288	0.006537	0.976409	0.023049	0.499864	0.499864	0.998388	0.001147	0.393910	0.605713	0.978009	0.020895
297	F3	-	0.658446	0.252668	0.746184	0.499252	0.499252	0.001734	0.998198	0.992071	0.001465	0.453637	0.545199	0.042349	0.956981	0.023049	0.976409	0.499636	0.499636	0.001147	0.998701	0.013168	0.986786	0.000633	0.999217
298	F3	-	0.420731	0.586040	0.413435	0.996632	0.002754	0.377175	0.621590	0.003502	0.996407	0.453637	0.545199	0.993288	0.006537	0.042154	0.956922	0.003134	0.996440	0.998769	0.001138	0.993180	0.006788	0.998931	0.000577
299	F3	-	0.243047	0.459066	0.540441	0.002622	0.997198	0.621590	0.377175	0.499791	0.499791	0.997763	0.002188	0.007921	0.991607	0.002136	0.997815	0.763344	0.235521	0.499771	0.499771	0.696121	0.303745	0.499601	0.499601
300	F3	-	0.499274	0.393744	0.605813	0.499672	0.499672	0.001972	0.997742	0.499660	0.499660	0.997763	0.002188	0.459670	0.539140	0.006900	0.992821	0.499951	0.499951	0.001147	0.998701	0.013168	0.986786	0.957539	0.041467
301-145	F4	-	0.947475	0.450265	0.549732	0.997150	0.002850	0.001972	0.998028	0.996497	0.003503	0.003582	0.996407	0.998748	0.001240	0.996310	0.003682	0.002771	0.997229	0.456812	0.543186	0.007136	0.992864	0.041673	0.958327
302-28	C1	-	0.951488	0.404195	0.595805	0.996149	0.003851	0.001853	0.998147	0.786796	0.213204	0.003144	0.996856	0.998660	0.001340	0.996810	0.003190	0.224714	0.775286	0.005762	0.994238	0.007478	0.992522	0.020584	0.979416
