Id	MS	All	QTL1	QTL2	QTL3	QTL4	QTL5	QTL6	QTL7	QTL8	QTL9	QTL10
F2	0.400000	1.000000	1.000000	1.000000	1.000000	1.000000	1.000000	1.000000	1.000000	1.000000	1.000000	1.000000
F252	0.600000	1.000000	1.000000	1.000000	1.000000	1.000000	1.000000	1.000000	1.000000	1.000000	1.000000	1.000000
f1	0.500000	1.000000	1.000000	1.000000	1.000000	1.000000	1.000000	1.000000	1.000000	1.000000	1.000000	1.000000
1	0.625460	0.999307	0.999895	0.999932	0.999909	0.999892	0.995586	0.999952	0.998865	0.999176	0.999899	0.999960
2	0.472005	0.999669	0.999895	0.998781	0.999247	0.999503	0.999932	0.999952	0.999924	0.999907	0.999968	0.999579
3	0.597431	0.998563	0.999554	0.998765	0.990168	0.999301	0.999831	0.999952	0.999271	0.999541	0.999582	0.999661
4	0.499969	0.998284	0.997920	0.985763	0.999909	0.999892	0.999831	0.999894	0.999901	0.999907	0.999968	0.999850
5	0.591792	0.998826	0.999820	0.997145	0.999867	0.998182	0.999932	0.999079	0.999924	0.995789	0.999731	0.998793
6	0.209592	0.999158	0.999820	0.999932	0.999909	0.999951	0.999932	0.999441	0.994551	0.999535	0.998933	0.999579
7	0.504471	0.998976	0.999895	0.999932	0.992812	0.998836	0.999255	0.999459	0.999924	0.999849	0.999954	0.999850
8	0.376660	0.997305	0.999820	0.999821	0.999417	0.993413	0.998686	0.994115	0.999271	0.999535	0.999954	0.989015
9	0.590040	0.996829	0.998987	0.999932	0.976334	0.999892	0.996070	0.998712	0.998865	0.999580	0.999954	0.999960
10	0.422439	0.999092	0.996713	0.999932	0.999417	0.999892	0.999646	0.999828	0.996364	0.999907	0.999642	0.999579
11	0.386713	0.999678	0.999820	0.998765	0.999909	0.999951	0.999932	0.999952	0.999924	0.999520	0.999803	0.999205
12	0.526880	0.998311	0.996974	0.999932	0.990168	0.999817	0.999528	0.999952	0.999924	0.998042	0.999582	0.999190
13	0.401323	0.999782	0.999895	0.999482	0.999909	0.999951	0.999832	0.999952	0.999496	0.999479	0.999968	0.999850
14	0.548145	0.999728	0.999895	0.999482	0.998814	0.999892	0.999646	0.999788	0.999924	0.999907	0.999968	0.999960
15	0.537084	0.999016	0.992257	0.999932	0.999909	0.999403	0.999831	0.999952	0.999924	0.999138	0.999968	0.999850
16	0.573260	0.998718	0.990769	0.999932	0.999909	0.999716	0.999653	0.999952	0.999924	0.999541	0.999582	0.998203
17	0.106556	0.999571	0.999326	0.999482	0.998814	0.999503	0.999831	0.999952	0.999924	0.999907	0.999968	0.999005
18	0.361616	0.999309	0.999344	0.999005	0.999909	0.999716	0.999680	0.999079	0.998628	0.999580	0.999945	0.998203
19	0.523023	0.996475	0.991721	0.989770	0.999909	0.987415	0.999932	0.999952	0.998865	0.999849	0.999954	0.997382
20	0.567499	0.999630	0.999318	0.999821	0.999909	0.999081	0.999653	0.999952	0.999924	0.999541	0.999915	0.999190
21	0.262019	0.999088	0.996692	0.999243	0.999909	0.999641	0.999831	0.999441	0.998865	0.999907	0.999968	0.997382
22	0.363263	0.998451	0.998987	0.999932	0.999136	0.988755	0.999932	0.999952	0.999090	0.999907	0.999968	0.998851
23	0.647830	0.999665	0.998987	0.999473	0.999909	0.999892	0.999932	0.999828	0.999261	0.999849	0.999938	0.999579
24	0.529511	0.996798	0.991721	0.999714	0.999623	0.997900	0.999932	0.999894	0.983928	0.995789	0.999820	0.999661
25	0.507345	0.998820	0.998505	0.999670	0.999122	0.999817	0.995158	0.999894	0.998871	0.999138	0.999820	0.998203
26	0.601720	0.999525	0.998622	0.999821	0.999909	0.999892	0.999766	0.999952	0.998864	0.999179	0.999582	0.999661
27	0.343560	0.992691	0.999425	0.999482	0.997178	0.999951	0.936003	0.996739	0.999470	0.999535	0.999623	0.999508
28	0.652022	0.999486	0.999820	0.999932	0.999417	0.999892	0.999885	0.999952	0.999261	0.996898	0.999954	0.999850
29	0.446958	0.999650	0.999318	0.999932	0.999909	0.999817	0.999766	0.999952	0.999924	0.999124	0.999968	0.998793
30	0.694985	0.999096	0.999425	0.994421	0.999909	0.999013	0.999932	0.999952	0.999924	0.999580	0.999954	0.998846
31	0.498757	0.999782	0.999820	0.999932	0.999319	0.999951	0.999545	0.999679	0.999924	0.999849	0.999954	0.999850
32	0.428242	0.999723	0.999895	0.999821	0.999909	0.999348	0.999528	0.999770	0.999924	0.999179	0.999899	0.999960
33	0.371641	0.999599	0.998140	0.999932	0.999417	0.999716	0.999831	0.999952	0.999924	0.999535	0.999968	0.999579
34	0.484346	0.998229	0.998987	0.985763	0.999247	0.999892	0.999646	0.999770	0.999901	0.999541	0.999968	0.999579
35	0.565916	0.998689	0.996974	0.999232	0.999909	0.999951	0.999932	0.991985	0.999924	0.999179	0.999954	0.999850
36	0.451096	0.999782	0.999344	0.999243	0.999909	0.999892	0.999831	0.999952	0.999924	0.999849	0.999915	0.999960
37	0.415560	0.996853	0.999344	0.995658	0.976334	0.999892	0.999831	0.999952	0.999573	0.999124	0.999968	0.998851
38	0.500260	0.999776	0.999820	0.999932	0.999319	0.999892	0.999850	0.999952	0.999271	0.999907	0.999968	0.999850
39	0.585788	0.999012	0.999318	0.995658	0.999909	0.999892	0.998686	0.999952	0.999924	0.997635	0.999954	0.999190
40	0.450183	0.999808	0.999895	0.999932	0.999561	0.999649	0.999653	0.999952	0.999901	0.999907	0.999968	0.999661
41	0.413490	0.997154	0.996416	0.982639	0.999561	0.999951	0.999528	0.999952	0.994551	0.999179	0.999915	0.999850
42	0.795341	0.999648	0.999289	0.999473	0.999561	0.999892	0.999831	0.999952	0.999924	0.999849	0.999915	0.998793
43	0.087196	0.999611	0.998943	0.999482	0.999623	0.999951	0.999831	0.999861	0.999573	0.999138	0.999742	0.999960
44	0.545154	0.999282	0.998622	0.998765	0.999319	0.999649	0.999680	0.999789	0.999470	0.998033	0.999915	0.999579
45	0.745872	0.999776	0.999895	0.999932	0.999909	0.999641	0.999653	0.999679	0.999619	0.999580	0.999954	0.999893
46	0.658335	0.999301	0.994759	0.999932	0.999909	0.999951	0.999932	0.999952	0.999727	0.999541	0.999731	0.999579
47	0.547606	0.999331	0.999395	0.999007	0.999524	0.999680	0.999215	0.999431	0.999852	0.998483	0.999623	0.999100
48	0.299284	0.998915	0.993240	0.999232	0.999909	0.998852	0.999556	0.999692	0.999924	0.999520	0.999642	0.999579
49	0.735753	0.998261	0.999344	0.998090	0.999623	0.988603	0.999932	0.999952	0.999496	0.998037	0.999954	0.999579
50	0.603243	0.999474	0.999895	0.999855	0.999909	0.999951	0.999680	0.999952	0.999901	0.995789	0.999954	0.999850
51	0.567325	0.999645	0.998987	0.999005	0.999867	0.999439	0.999680	0.999894	0.999924	0.999849	0.999954	0.999850
52	0.665675	0.998132	0.999318	0.994421	0.999909	0.999892	0.988563	0.999828	0.999924	0.999849	0.999954	0.999661
53	0.493601	0.999622	0.999554	0.999932	0.999867	0.999630	0.999932	0.999770	0.999924	0.998033	0.999915	0.999661
54	0.376866	0.999596	0.999895	0.999932	0.998269	0.999439	0.999653	0.999861	0.999573	0.999633	0.999742	0.999960
55	0.517787	0.999009	0.999895	0.996097	0.999909	0.999892	0.999680	0.999952	0.999619	0.999541	0.995546	0.999960
56	0.438581	0.999720	0.998987	0.999473	0.999867	0.999892	0.999680	0.999770	0.999924	0.999907	0.999742	0.999960
57	0.363910	0.999139	0.994759	0.998781	0.999561	0.999475	0.999831	0.999952	0.999573	0.999541	0.999954	0.999960
58	0.543643	0.999280	0.998943	0.999932	0.999561	0.999716	0.996449	0.999952	0.999924	0.999541	0.998933	0.999850
59	0.515856	0.999743	0.999820	0.999932	0.999909	0.999892	0.999831	0.999441	0.999924	0.999541	0.999820	0.999314
60	0.657147	0.998447	0.997920	0.996097	0.999909	0.993202	0.999653	0.999894	0.999924	0.999849	0.999820	0.998203
61	0.297268	0.999752	0.999820	0.999473	0.999623	0.999951	0.999831	0.999692	0.999901	0.999535	0.999731	0.999960
62	0.567739	0.999086	0.999820	0.999473	0.999909	0.999951	0.999932	0.999952	0.992391	0.999849	0.999731	0.999850
63	0.425453	0.999365	0.999820	0.999821	0.999867	0.999503	0.995736	0.999952	0.999924	0.999907	0.999274	0.999850
64	0.601095	0.997484	0.998987	0.992970	0.999867	0.985955	0.999932	0.999952	0.998621	0.999535	0.999167	0.999850
65	0.716748	0.998683	0.997633	0.999932	0.999909	0.998980	0.999680	0.999952	0.996364	0.998037	0.999623	0.996718
66	0.572631	0.999707	0.999554	0.999587	0.999909	0.999951	0.999932	0.999828	0.999924	0.999907	0.999274	0.999205
67	0.530585	0.999245	0.999386	0.999932	0.999122	0.999630	0.995997	0.999952	0.999496	0.999179	0.999865	0.999893
68	0.490917	0.998624	0.999166	0.996097	0.997187	0.999951	0.999545	0.999952	0.999619	0.999849	0.996402	0.998468
69	0.478744	0.997500	0.992257	0.999005	0.991186	0.999892	0.999831	0.999475	0.999496	0.998735	0.995546	0.999579
70	0.435456	0.999230	0.998987	0.998600	0.999909	0.999817	0.999545	0.999952	0.999573	0.999849	0.996402	0.999661
71	0.648769	0.999835	0.999895	0.999714	0.999909	0.999892	0.999680	0.999952	0.999924	0.999849	0.999954	0.999579
72	0.421029	0.999421	0.998987	0.999932	0.998269	0.999716	0.999680	0.999952	0.999924	0.999907	0.999642	0.998203
73	0.449383	0.999409	0.999820	0.999005	0.999136	0.999951	0.999932	0.999952	0.999924	0.998033	0.999865	0.998468
74	0.316008	0.999727	0.999895	0.999932	0.999909	0.999716	0.999680	0.999770	0.999924	0.999849	0.998631	0.999960
75	0.397037	0.999582	0.999326	0.999232	0.999909	0.999951	0.999932	0.999475	0.999924	0.999633	0.999642	0.998793
76	0.561839	0.999534	0.997920	0.999714	0.999909	0.999951	0.999932	0.999770	0.999090	0.999179	0.999915	0.999960
77	0.379215	0.999127	0.999344	0.999932	0.999867	0.999951	0.999528	0.999952	0.994623	0.999179	0.998933	0.999960
78	0.402420	0.999667	0.999895	0.999670	0.999909	0.999503	0.999545	0.999079	0.999573	0.999580	0.999954	0.999960
79	0.667860	0.999231	0.999895	0.998765	0.999247	0.999951	0.999528	0.999894	0.999573	0.998033	0.999731	0.997688
80	0.609406	0.999547	0.999820	0.999232	0.999561	0.999892	0.999831	0.999952	0.999470	0.998042	0.999820	0.999850
81	0.437982	0.999028	0.999326	0.997145	0.999909	0.999716	0.999680	0.998712	0.999271	0.999849	0.999954	0.996718
82	0.614219	0.998765	0.999386	0.999005	0.999909	0.999503	0.998686	0.999952	0.999496	0.992516	0.999623	0.999579
83	0.589359	0.998105	0.999386	0.999932	0.999909	0.999716	0.999831	0.999952	0.999924	0.990583	0.999954	0.991860
84	0.127408	0.999672	0.999166	0.998600	0.999909	0.999951	0.999831	0.999952	0.999924	0.999907	0.999968	0.999508
85	0.406964	0.998322	0.991721	0.999005	0.998814	0.999630	0.999932	0.999952	0.996364	0.999633	0.999968	0.998203
86	0.550065	0.999815	0.999386	0.999932	0.999867	0.999951	0.999932	0.999952	0.999924	0.999907	0.999642	0.999661
87	0.305570	0.999495	0.999895	0.999932	0.999582	0.999892	0.999680	0.999952	0.999901	0.997203	0.999968	0.998948
88	0.257941	0.998621	0.996974	0.995658	0.999524	0.999139	0.999075	0.999894	0.996962	0.999124	0.999968	0.999888
89	0.214107	0.999249	0.999820	0.999243	0.999909	0.999951	0.994483	0.999952	0.999901	0.999633	0.999642	0.999960
90	0.459907	0.998903	0.999820	0.999932	0.992812	0.999892	0.999932	0.999214	0.999470	0.999520	0.999968	0.998468
91	0.614699	0.999017	0.999395	0.999007	0.998500	0.999433	0.998571	0.999431	0.998628	0.998040	0.999915	0.999252
92	0.415629	0.999701	0.999820	0.999821	0.999247	0.999951	0.999932	0.999894	0.998621	0.999907	0.999968	0.999850
93	0.609964	0.999090	0.999386	0.993287	0.999582	0.999892	0.999850	0.999952	0.999924	0.999176	0.999954	0.999893
94	0.312755	0.998858	0.999820	0.999821	0.999827	0.998182	0.996420	0.999952	0.999573	0.999535	0.999582	0.995867
95	0.545977	0.998604	0.999895	0.999932	0.999909	0.999716	0.996747	0.999952	0.999619	0.990583	0.999731	0.999960
96	0.207925	0.998516	0.999820	0.999932	0.999867	0.999951	0.995214	0.999952	0.999924	0.990583	0.999954	0.999960
97	0.262247	0.998801	0.998943	0.999670	0.999136	0.999951	0.995214	0.999679	0.996364	0.999179	0.999915	0.999960
98	0.329642	0.999138	0.996692	0.999932	0.999867	0.999951	0.995850	0.999828	0.999924	0.999535	0.999954	0.999850
99	0.609787	0.998659	0.991325	0.999714	0.999909	0.999439	0.999932	0.999952	0.999573	0.997203	0.999968	0.999579
100	0.262477	0.998645	0.994759	0.999005	0.999909	0.999951	0.995850	0.999679	0.999901	0.997575	0.999968	0.999850
101	0.574901	0.999038	0.999820	0.999243	0.999909	0.998867	0.996757	0.999952	0.998871	0.998033	0.999731	0.999202
102	0.474250	0.998102	0.988876	0.999473	0.999867	0.999892	0.999932	0.999952	0.999924	0.999535	0.999915	0.993651
103	0.372915	0.998122	0.994759	0.995658	0.999909	0.999301	0.999831	0.999475	0.999492	0.992870	0.999968	0.999960
104	0.342474	0.999193	0.998987	0.996097	0.998269	0.999951	0.999680	0.999952	0.999924	0.999520	0.999968	0.999579
105	0.389174	0.998899	0.996974	0.994421	0.999623	0.999403	0.999831	0.999679	0.999619	0.999530	0.999954	0.999960
106	0.626843	0.999388	0.997920	0.999482	0.999909	0.999260	0.999766	0.999770	0.999470	0.999020	0.999623	0.999661
107	0.512028	0.999121	0.999820	0.999243	0.999909	0.999892	0.995214	0.999894	0.999924	0.998378	0.999742	0.999190
108	0.662021	0.998064	0.999386	0.999714	0.999909	0.987093	0.999850	0.999952	0.999619	0.995622	0.999642	0.999850
109	0.557565	0.999789	0.999820	0.999932	0.999909	0.999951	0.999932	0.999952	0.999924	0.999530	0.999623	0.999314
110	0.714071	0.999052	0.999895	0.999473	0.999623	0.998182	0.999932	0.999079	0.997791	0.998378	0.999968	0.998203
111	0.443802	0.999268	0.997633	0.999932	0.999582	0.999892	0.999646	0.999828	0.999901	0.996434	0.999865	0.999960
112	0.406949	0.998636	0.997633	0.999005	0.999319	0.999892	0.999831	0.999679	0.999496	0.991591	0.999954	0.999960
113	0.517033	0.997676	0.998987	0.998802	0.999909	0.988092	0.999545	0.999475	0.999470	0.994041	0.999582	0.998851
114	0.462364	0.999550	0.999895	0.996097	0.999909	0.999951	0.999932	0.999952	0.999924	0.999907	0.999968	0.999960
115	0.477978	0.997843	0.997031	0.995658	0.999561	0.998153	0.999653	0.991985	0.999924	0.997203	0.999968	0.999288
116	0.552253	0.997344	0.999895	0.999821	0.976326	0.998990	0.999850	0.999952	0.999924	0.999138	0.999968	0.999579
117	0.632814	0.998355	0.999895	0.999005	0.999623	0.995465	0.999766	0.999828	0.992391	0.998037	0.999582	0.999960
118	0.638994	0.998925	0.999554	0.999005	0.992298	0.999260	0.999885	0.999828	0.999924	0.999580	0.999954	0.999960
119	0.158800	0.999135	0.995167	0.999714	0.999623	0.999439	0.999680	0.999952	0.999496	0.998735	0.999968	0.999579
120	0.583315	0.999528	0.999386	0.998765	0.999417	0.999951	0.999653	0.999475	0.998865	0.999849	0.999954	0.999960
121	0.625265	0.999390	0.998987	0.999821	0.999319	0.998867	0.998121	0.999828	0.999619	0.999535	0.999954	0.999850
122	0.463141	0.999436	0.999820	0.999932	0.999867	0.999348	0.999203	0.999441	0.999901	0.998033	0.999915	0.998904
123	0.653208	0.998956	0.999344	0.999932	0.999247	0.999716	0.999203	0.999952	0.999619	0.995789	0.999582	0.997175
124	0.509467	0.999004	0.999895	0.999243	0.999319	0.999716	0.996747	0.999952	0.999470	0.995789	0.999954	0.999960
125	0.655658	0.998285	0.999344	0.999005	0.999909	0.999892	0.995214	0.999952	0.999924	0.992516	0.999915	0.997175
126	0.350979	0.999717	0.998505	0.999473	0.999909	0.999892	0.999680	0.999952	0.999924	0.999907	0.999968	0.999960
127	0.465989	0.998674	0.998240	0.999007	0.999141	0.995391	0.998319	0.999431	0.999709	0.998483	0.999915	0.999100
128	0.356356	0.999626	0.999820	0.999932	0.998960	0.999892	0.999255	0.999214	0.999727	0.999849	0.999954	0.999661
129	0.500326	0.999739	0.999820	0.999482	0.999909	0.999716	0.999042	0.999770	0.999924	0.999907	0.999968	0.999850
130	0.550992	0.999178	0.996416	0.999005	0.999561	0.999716	0.999556	0.999952	0.999924	0.999535	0.999915	0.998203
131	0.653214	0.999372	0.998505	0.999932	0.999623	0.999892	0.999653	0.999952	0.999271	0.998033	0.999954	0.998904
132	0.663207	0.999291	0.994759	0.999932	0.999417	0.999892	0.999680	0.999679	0.999901	0.999849	0.999954	0.999850
133	0.481917	0.999249	0.999895	0.999821	0.999909	0.999951	0.999545	0.999952	0.999924	0.999849	0.995546	0.998096
134	0.620983	0.999026	0.996416	0.999821	0.999136	0.999716	0.999932	0.999828	0.998621	0.997203	0.999742	0.999850
135	0.255065	0.999589	0.999386	0.999932	0.999909	0.999503	0.999831	0.999079	0.999090	0.999907	0.999968	0.999288
136	0.610058	0.998192	0.999820	0.989984	0.999909	0.999951	0.999932	0.999952	0.999271	0.994041	0.999582	0.999474
137	0.449808	0.999720	0.998987	0.999714	0.999909	0.999301	0.999831	0.999789	0.999901	0.999907	0.999968	0.999893
138	0.360799	0.999674	0.999820	0.999243	0.999909	0.999951	0.999545	0.999214	0.999924	0.999849	0.999623	0.999661
139	0.542957	0.999613	0.999318	0.999932	0.998670	0.999503	0.999766	0.999952	0.999924	0.999520	0.999968	0.999579
140	0.401239	0.999824	0.999386	0.999932	0.999909	0.999892	0.999831	0.999952	0.999924	0.999541	0.999915	0.999960
141	0.494737	0.998590	0.991721	0.999932	0.999319	0.999716	0.999831	0.999679	0.999573	0.999541	0.999865	0.996718
142	0.455925	0.998360	0.994759	0.999473	0.991624	0.999951	0.999932	0.999617	0.999924	0.999535	0.998933	0.999850
143	0.486364	0.999534	0.998622	0.999932	0.999909	0.999091	0.999680	0.999828	0.999901	0.999580	0.999954	0.998846
144	0.593320	0.999140	0.999386	0.999932	0.999582	0.999091	0.999653	0.999475	0.999496	0.995789	0.999417	0.999579
145	0.535614	0.999439	0.999554	0.999932	0.997178	0.999630	0.999932	0.999952	0.998864	0.999907	0.999865	0.999579
146	0.477010	0.999706	0.999820	0.999232	0.999867	0.999951	0.999545	0.999770	0.999924	0.999479	0.999619	0.999850
147	0.653619	0.999239	0.994759	0.998802	0.999623	0.999951	0.999932	0.999770	0.999901	0.999849	0.999954	0.999850
148	0.351193	0.999629	0.999820	0.999232	0.998670	0.999892	0.999831	0.999952	0.999727	0.999907	0.999945	0.999314
149	0.521864	0.998029	0.999326	0.999932	0.995606	0.997199	0.999653	0.999079	0.999924	0.990979	0.999803	0.998793
150	0.694754	0.999676	0.999344	0.999140	0.999909	0.999892	0.999766	0.999754	0.999573	0.999849	0.999954	0.999579
151	0.521242	0.999064	0.998505	0.999473	0.998269	0.999951	0.999545	0.999952	0.999271	0.999849	0.999954	0.995867
152	0.570885	0.999489	0.998987	0.998802	0.998814	0.999892	0.999646	0.999828	0.999901	0.999541	0.999623	0.999850
153	0.621600	0.999655	0.999895	0.998765	0.999623	0.999892	0.999831	0.999952	0.999470	0.999541	0.999623	0.999960
154	0.343372	0.998955	0.998987	0.999482	0.999909	0.993202	0.999831	0.999905	0.999924	0.999633	0.999167	0.999508
155	0.674958	0.999259	0.999318	0.999932	0.999909	0.999951	0.999932	0.999214	0.996364	0.999849	0.999915	0.998203
156	0.709055	0.999681	0.999765	0.999932	0.999909	0.999892	0.999766	0.999952	0.999271	0.998735	0.999623	0.999960
157	0.505143	0.999592	0.999318	0.999482	0.999909	0.999716	0.999620	0.999770	0.999496	0.999541	0.999410	0.999661
158	0.445727	0.998793	0.999780	0.999932	0.993956	0.999951	0.999680	0.999079	0.996364	0.999535	0.999803	0.999850
159	0.691253	0.998968	0.999386	0.999932	0.999623	0.997784	0.995736	0.999598	0.999924	0.999580	0.999915	0.998203
160	0.446550	0.995255	0.996692	0.999473	0.999319	0.998865	0.995158	0.992462	0.973433	0.999849	0.999915	0.997382
161	0.496362	0.999406	0.997920	0.999670	0.999909	0.999403	0.999680	0.999441	0.999271	0.999479	0.999968	0.999314
162	0.319716	0.999251	0.999820	0.999932	0.999417	0.999886	0.999528	0.999679	0.995648	0.999849	0.999954	0.998793
163	0.549927	0.998984	0.999895	0.999714	0.999909	0.992442	0.999653	0.999629	0.999924	0.999179	0.999915	0.999579
164	0.619970	0.998505	0.999895	0.999855	0.999623	0.990454	0.999932	0.999342	0.999496	0.998033	0.999954	0.998468
165	0.576923	0.998643	0.998987	0.999587	0.999909	0.993413	0.996070	0.999890	0.999924	0.999849	0.999954	0.998851
166	0.655121	0.999046	0.999820	0.999757	0.992298	0.999716	0.999646	0.999952	0.999619	0.999849	0.999954	0.999850
167	0.477262	0.998789	0.999820	0.999232	0.999319	0.993413	0.999646	0.999629	0.999924	0.997635	0.999954	0.999314
168	0.565609	0.999095	0.999344	0.999821	0.998269	0.999301	0.999653	0.999770	0.999901	0.999541	0.999915	0.995439
169	0.597571	0.997710	0.998987	0.998765	0.998670	0.988092	0.999932	0.999828	0.999271	0.993733	0.999968	0.999850
170	0.523435	0.999002	0.998505	0.999932	0.999136	0.999716	0.996070	0.999629	0.999901	0.997203	0.999968	0.999960
171	0.391826	0.996426	0.999820	0.999932	0.970454	0.999716	0.995736	0.999952	0.999901	0.999633	0.999803	0.999314
172	0.304886	0.999565	0.999318	0.999140	0.999582	0.999892	0.999831	0.999952	0.999496	0.999633	0.999803	0.999005
173	0.548864	0.999661	0.999344	0.999821	0.999867	0.999716	0.999831	0.999475	0.999090	0.999849	0.999954	0.999661
174	0.590692	0.998378	0.999386	0.999932	0.999319	0.992442	0.996070	0.999770	0.999470	0.997575	0.999968	0.999850
175	0.536337	0.998455	0.997920	0.994421	0.999582	0.999716	0.995158	0.999009	0.999901	0.999535	0.999731	0.999579
176	0.625868	0.998722	0.998240	0.999714	0.999867	0.999301	0.999653	0.998712	0.992391	0.999849	0.999915	0.999579
177	0.459489	0.999063	0.995167	0.999932	0.999136	0.999439	0.999850	0.999475	0.999924	0.999179	0.999619	0.998904
178	0.519824	0.999175	0.998943	0.999932	0.999909	0.999680	0.997621	0.999575	0.996364	0.999907	0.999968	0.999850
179	0.600592	0.999078	0.998140	0.999821	0.999909	0.999716	0.995158	0.999770	0.998865	0.999907	0.999642	0.999850
180	0.267536	0.996228	0.997920	0.999932	0.976334	0.999503	0.996747	0.999952	0.999470	0.992870	0.999968	0.999579
181	0.504692	0.998112	0.991721	0.999005	0.999417	0.992954	0.999680	0.999475	0.999924	0.999541	0.999820	0.999579
182	0.252062	0.999857	0.999820	0.999932	0.999909	0.999951	0.999831	0.999788	0.999924	0.999541	0.999915	0.999960
183	0.362218	0.998713	0.998943	0.998802	0.999909	0.999348	0.999831	0.999952	0.999619	0.991591	0.999623	0.999508
184	0.561172	0.999591	0.998505	0.999932	0.999136	0.999892	0.999850	0.999952	0.999924	0.999176	0.999582	0.999960
185	0.548972	0.999561	0.997633	0.999932	0.999867	0.999301	0.999545	0.999952	0.999924	0.999907	0.999968	0.999579
186	0.698046	0.996024	0.999820	0.999714	0.999867	0.993413	0.996070	0.999475	0.973433	0.999176	0.999954	0.999314
187	0.400986	0.999876	0.999820	0.999932	0.999909	0.999951	0.999932	0.999952	0.999924	0.999520	0.999968	0.999850
188	0.400782	0.999242	0.997633	0.999243	0.999909	0.999716	0.996929	0.999952	0.999924	0.999633	0.999968	0.999508
189	0.570563	0.999031	0.998140	0.999821	0.999909	0.999139	0.996173	0.999828	0.999619	0.997866	0.999968	0.999850
190	0.401963	0.999546	0.999820	0.999243	0.999561	0.999951	0.999528	0.999828	0.999924	0.999179	0.999954	0.998468
191	0.145960	0.999510	0.999344	0.999932	0.998670	0.999475	0.999831	0.999441	0.999924	0.998551	0.999968	0.999960
192	0.525569	0.999522	0.999820	0.999243	0.999867	0.999951	0.999932	0.999214	0.998865	0.999541	0.998933	0.999850
193	0.594268	0.999309	0.999554	0.999243	0.999909	0.999139	0.999932	0.999575	0.999727	0.997575	0.999968	0.998468
194	0.399019	0.999391	0.999820	0.999932	0.999909	0.999951	0.995736	0.999952	0.999261	0.999541	0.999954	0.999850
195	0.406021	0.999275	0.999326	0.999714	0.999909	0.999348	0.996070	0.999679	0.998865	0.999907	0.999968	0.999960
196	0.349617	0.997807	0.999820	0.999005	0.999561	0.983017	0.999646	0.999390	0.999470	0.998333	0.999865	0.999960
197	0.452643	0.997639	0.995167	0.985898	0.999909	0.998826	0.997621	0.999952	0.999573	0.999520	0.999968	0.999960
198	0.427929	0.998581	0.999344	0.997367	0.999247	0.991426	0.999932	0.999501	0.999496	0.999580	0.999954	0.999960
199	0.677159	0.996418	0.998987	0.999482	0.999648	0.983017	0.985783	0.999598	0.999924	0.999580	0.999954	0.998203
200	0.400362	0.999694	0.999318	0.999243	0.999827	0.999503	0.999680	0.999952	0.999924	0.999580	0.999954	0.999960
201	0.596470	0.997076	0.991721	0.999932	0.998269	0.988603	0.998121	0.999952	0.999901	0.995789	0.999623	0.998851
202	0.644989	0.998024	0.998505	0.999932	0.999136	0.998980	0.999850	0.999679	0.984729	0.999849	0.999915	0.999661
203	0.472370	0.999331	0.998987	0.999932	0.998814	0.999892	0.999766	0.999079	0.998865	0.999907	0.999968	0.998096
204	0.496573	0.997985	0.999820	0.998802	0.998960	0.999403	0.999646	0.999952	0.984729	0.998735	0.999954	0.999850
205	0.495482	0.999341	0.999344	0.999005	0.999582	0.999892	0.996070	0.999894	0.999901	0.999907	0.999968	0.999850
206	0.692050	0.999734	0.999820	0.999932	0.999867	0.999892	0.999646	0.999828	0.999573	0.999849	0.999731	0.999202
207	0.322764	0.996288	0.999820	0.999932	0.999247	0.999091	0.999646	0.998719	0.966656	0.999907	0.999968	0.999893
208	0.549522	0.999793	0.999820	0.999932	0.999909	0.999716	0.999831	0.999952	0.999924	0.999580	0.999954	0.999314
209	0.620514	0.998517	0.999326	0.996097	0.999827	0.999081	0.991849	0.999952	0.999844	0.999849	0.999873	0.999474
210	0.425525	0.999330	0.999289	0.999932	0.999909	0.999716	0.999766	0.999441	0.996364	0.999907	0.999968	0.999005
211	0.377150	0.998384	0.999820	0.999714	0.999623	0.991426	0.996070	0.999679	0.999901	0.999541	0.999865	0.998203
212	0.558171	0.998945	0.998140	0.999821	0.999909	0.998867	0.999932	0.999679	0.999901	0.994041	0.999954	0.999202
213	0.378435	0.999558	0.999820	0.999005	0.998892	0.999716	0.999766	0.999788	0.998864	0.999907	0.999968	0.999850
214	0.586919	0.999143	0.999895	0.999932	0.999909	0.999139	0.997621	0.996739	0.999271	0.999535	0.999731	0.999661
215	0.511507	0.999206	0.998987	0.998781	0.999867	0.999139	0.996070	0.999770	0.999924	0.999849	0.999820	0.999850
216	0.539868	0.996416	0.999344	0.996097	0.999909	0.997784	0.984985	0.992462	0.994551	0.999479	0.999968	0.999579
217	0.771064	0.998897	0.998943	0.999932	0.999909	0.998867	0.999932	0.992462	0.999271	0.999849	0.999954	0.999850
218	0.523138	0.998797	0.999820	0.999005	0.999623	0.993413	0.999653	0.999390	0.999271	0.998033	0.999915	0.999850
219	0.441915	0.999097	0.999820	0.999932	0.992812	0.999951	0.999653	0.999828	0.999924	0.999907	0.999968	0.999170
220	0.565977	0.998375	0.999326	0.999670	0.990168	0.999139	0.999545	0.999952	0.999496	0.998033	0.999954	0.998468
221	0.346195	0.999617	0.999820	0.999482	0.999909	0.999716	0.999653	0.999894	0.999619	0.999907	0.999968	0.998203
222	0.705669	0.999230	0.996692	0.999670	0.999909	0.999348	0.999831	0.999952	0.999924	0.999849	0.999954	0.997175
223	0.414654	0.998884	0.991721	0.999232	0.999909	0.999630	0.999831	0.999828	0.999924	0.999138	0.999968	0.999661
224	0.324017	0.999737	0.999318	0.999932	0.999909	0.999951	0.999680	0.999952	0.998865	0.999849	0.999954	0.999960
225	0.488442	0.999050	0.999820	0.996097	0.999136	0.999716	0.997621	0.999770	0.999470	0.999176	0.999731	0.999960
226	0.453004	0.999243	0.999820	0.999932	0.999561	0.999348	0.999646	0.996739	0.999924	0.997635	0.999865	0.999960
227	0.518114	0.998810	0.995167	0.999821	0.999909	0.999091	0.999653	0.999952	0.999924	0.995789	0.999954	0.998846
228	0.645767	0.999111	0.999386	0.999670	0.999909	0.999951	0.999932	0.999952	0.999924	0.992516	0.999915	0.999960
229	0.406220	0.998004	0.999820	0.999932	0.999867	0.993413	0.999831	0.999575	0.999924	0.989204	0.999274	0.999202
230	0.502610	0.998892	0.997920	0.999232	0.993519	0.999081	0.999885	0.999952	0.999924	0.999535	0.999915	0.999960
231	0.334742	0.999526	0.997031	0.999932	0.999909	0.999951	0.999744	0.999679	0.999924	0.999179	0.999954	0.999960
232	0.617535	0.999303	0.999554	0.999932	0.998814	0.999348	0.999850	0.999390	0.999496	0.999849	0.999410	0.997382
233	0.649382	0.999710	0.999386	0.999932	0.998960	0.999951	0.999932	0.999952	0.999924	0.999138	0.999968	0.999960
234	0.681590	0.998566	0.999554	0.999932	0.999909	0.987093	0.999646	0.999952	0.999924	0.999849	0.999954	0.999850
235	0.455920	0.999238	0.998987	0.995658	0.999909	0.999081	0.999528	0.999952	0.999924	0.999535	0.999915	0.999893
236	0.669419	0.999644	0.999780	0.999473	0.999909	0.999716	0.999680	0.999770	0.999573	0.999520	0.999167	0.999850
237	0.247258	0.999616	0.999820	0.999932	0.999867	0.999951	0.999932	0.999952	0.999573	0.997203	0.999968	0.999960
238	0.796375	0.999261	0.999554	0.999714	0.999909	0.999503	0.999646	0.999828	0.999924	0.995789	0.999954	0.998793
239	0.453462	0.996633	0.999344	0.999821	0.999867	0.999716	0.995997	0.999828	0.973433	0.999131	0.999619	0.999579
240	0.601434	0.999124	0.998987	0.999473	0.999417	0.999716	0.995997	0.999828	0.999924	0.999479	0.999954	0.998468
241	0.649177	0.999469	0.998987	0.998600	0.999909	0.999892	0.999653	0.999475	0.998864	0.999849	0.999954	0.999508
242	0.551276	0.999800	0.999318	0.999932	0.999623	0.999892	0.999932	0.999952	0.999924	0.999907	0.999938	0.999579
243	0.422700	0.998890	0.999326	0.998781	0.999909	0.999892	0.999680	0.999828	0.992391	0.999176	0.999954	0.999960
244	0.369395	0.999761	0.999472	0.999932	0.999909	0.999403	0.999831	0.999679	0.999924	0.999541	0.999954	0.999960
245	0.613112	0.999436	0.997920	0.999821	0.999417	0.999951	0.999932	0.999952	0.999924	0.997635	0.999954	0.999850
246	0.697259	0.999423	0.996416	0.999232	0.999867	0.999892	0.999831	0.999952	0.999573	0.999849	0.999954	0.999661
247	0.629023	0.999806	0.999895	0.999821	0.999909	0.999348	0.999831	0.999952	0.999924	0.999580	0.999954	0.999850
248	0.812056	0.999436	0.998622	0.999670	0.999136	0.999716	0.999766	0.999214	0.999261	0.999176	0.999954	0.999850
249	0.488157	0.999725	0.999554	0.999932	0.999319	0.999630	0.999831	0.999894	0.999924	0.999849	0.999742	0.999579
250	0.598893	0.999527	0.999344	0.999243	0.999909	0.999641	0.999831	0.999952	0.999924	0.997604	0.999968	0.999850
251	0.501051	0.999564	0.998505	0.999821	0.999582	0.999641	0.999646	0.999894	0.999924	0.999138	0.999642	0.999850
252	0.272625	0.999341	0.999820	0.999005	0.995606	0.999503	0.999766	0.999952	0.999924	0.999907	0.999968	0.999960
253	0.652752	0.999678	0.999289	0.999855	0.999623	0.999892	0.999653	0.999894	0.999924	0.999541	0.999915	0.999190
254	0.557340	0.999062	0.999425	0.999932	0.999909	0.999892	0.999831	0.999770	0.999924	0.992516	0.999915	0.999508
255	0.162052	0.999777	0.999820	0.999932	0.999582	0.999951	0.999255	0.999770	0.999924	0.999907	0.999968	0.999661
256	0.496840	0.998696	0.999344	0.994174	0.999319	0.999630	0.999545	0.999952	0.999271	0.999849	0.996402	0.999474
257	0.353347	0.999251	0.999318	0.999670	0.999909	0.999951	0.999545	0.999952	0.999573	0.995789	0.999954	0.998851
258	0.648965	0.999788	0.999344	0.999473	0.999909	0.999951	0.999680	0.999952	0.999924	0.999849	0.999954	0.999850
259	0.731132	0.998754	0.994759	0.999473	0.999909	0.999742	0.999825	0.999739	0.994623	0.999849	0.999954	0.999661
260	0.522227	0.999667	0.999820	0.999821	0.999909	0.999503	0.999653	0.999952	0.999470	0.999520	0.999167	0.999850
261	0.659668	0.999291	0.996416	0.998802	0.999561	0.999892	0.999646	0.999952	0.999573	0.999907	0.999968	0.999190
262	0.500751	0.999687	0.999895	0.999714	0.998892	0.999892	0.999680	0.999952	0.999901	0.999723	0.999642	0.999579
263	0.549940	0.999782	0.999820	0.999587	0.999909	0.999260	0.999885	0.999729	0.999901	0.999907	0.999968	0.999850
264	0.425354	0.998820	0.999895	0.999482	0.999247	0.999892	0.999646	0.999952	0.999924	0.990583	0.999623	0.999960
265	0.532601	0.998390	0.999895	0.999473	0.999909	0.999951	0.999932	0.999729	0.985801	0.999535	0.999820	0.999850
266	0.502676	0.999091	0.999627	0.999714	0.999909	0.999951	0.999831	0.999952	0.998864	0.999580	0.995546	0.997939
267	0.507914	0.999614	0.999386	0.999932	0.999136	0.999301	0.999653	0.999828	0.999924	0.999541	0.999865	0.999579
268	0.342245	0.999336	0.997538	0.999473	0.999623	0.999892	0.999831	0.999952	0.999924	0.997575	0.999968	0.999579
269	0.524264	0.998509	0.999820	0.999482	0.993956	0.998852	0.999825	0.999739	0.995648	0.998782	0.999696	0.999288
270	0.294423	0.998646	0.999820	0.999932	0.998960	0.998867	0.995850	0.999374	0.994623	0.999633	0.999742	0.999661
271	0.562649	0.999531	0.999386	0.997367	0.999623	0.999892	0.999831	0.999770	0.999924	0.999849	0.999820	0.999850
272	0.504321	0.999778	0.999895	0.999932	0.999136	0.999817	0.999680	0.999894	0.999924	0.999907	0.999742	0.999850
273	0.327478	0.999179	0.999820	0.999932	0.995606	0.999091	0.998811	0.999828	0.999573	0.999907	0.999642	0.999579
274	0.252851	0.999802	0.999318	0.999855	0.999623	0.999716	0.999831	0.999952	0.999924	0.999907	0.999938	0.999960
275	0.708375	0.999751	0.999318	0.999932	0.999909	0.999641	0.999850	0.999952	0.999924	0.999541	0.999623	0.999816
276	0.472081	0.999294	0.998943	0.999482	0.999319	0.997199	0.999215	0.999739	0.999924	0.999541	0.999915	0.999661
277	0.569789	0.999593	0.999820	0.999932	0.999909	0.999716	0.999932	0.999475	0.998864	0.999520	0.999968	0.998793
278	0.575146	0.999727	0.999895	0.999932	0.999867	0.999951	0.999680	0.999770	0.998864	0.999541	0.999915	0.999850
279	0.366730	0.999338	0.998987	0.999932	0.999909	0.995465	0.999831	0.999952	0.999924	0.999907	0.999968	0.999508
280	0.691787	0.999446	0.997538	0.999932	0.998960	0.999951	0.999932	0.999214	0.999924	0.999849	0.999954	0.999205
281	0.640901	0.996881	0.998505	0.997016	0.976326	0.999951	0.999932	0.999770	0.998864	0.999849	0.998933	0.999661
282	0.772399	0.999243	0.998505	0.999932	0.999867	0.999892	0.999646	0.999952	0.995648	0.999179	0.999954	0.999850
283	0.492335	0.999604	0.999318	0.999932	0.999867	0.999260	0.999932	0.999952	0.999573	0.998333	0.999915	0.999960
284	0.499898	0.999534	0.998987	0.999932	0.998814	0.999892	0.999831	0.999952	0.999261	0.999124	0.999968	0.999579
285	0.599176	0.999045	0.999895	0.999932	0.999909	0.999951	0.999932	0.999770	0.999901	0.999176	0.999915	0.992071
286	0.789723	0.998291	0.994743	0.995658	0.999909	0.999892	0.999646	0.999952	0.994623	0.999849	0.999731	0.998904
287	0.523281	0.999648	0.999820	0.999932	0.999909	0.998826	0.999620	0.999952	0.999924	0.999479	0.999167	0.999850
288	0.469064	0.999334	0.999820	0.999932	0.999909	0.999630	0.999766	0.999894	0.994623	0.999849	0.999954	0.999960
289	0.598474	0.999768	0.999895	0.999821	0.998814	0.999951	0.999932	0.999952	0.999852	0.999849	0.999954	0.999661
290	0.445014	0.999739	0.999820	0.999473	0.999867	0.999951	0.999932	0.999952	0.999271	0.999541	0.999731	0.999850
291	0.695143	0.999552	0.999895	0.999821	0.999909	0.999951	0.999932	0.999770	0.999573	0.999580	0.999915	0.997175
292	0.505974	0.999615	0.999820	0.999932	0.999623	0.999892	0.999556	0.998682	0.999901	0.999580	0.999954	0.999205
293	0.636550	0.999691	0.999895	0.998765	0.999623	0.999951	0.999680	0.999952	0.999924	0.999849	0.999954	0.999314
294	0.389157	0.999515	0.998987	0.999932	0.998670	0.999951	0.999766	0.999475	0.999924	0.999907	0.999742	0.998793
295	0.582451	0.999010	0.998943	0.999482	0.999173	0.998990	0.999831	0.999861	0.994623	0.999849	0.999873	0.999474
296	0.627336	0.997948	0.984015	0.999932	0.999623	0.998836	0.999825	0.999459	0.999727	0.999535	0.999623	0.998904
297	0.658446	0.998852	0.998505	0.999932	0.993536	0.998836	0.999330	0.999459	0.999271	0.999849	0.999954	0.999850
298	0.420731	0.999475	0.999386	0.998765	0.999909	0.998836	0.999825	0.999076	0.999573	0.999907	0.999968	0.999508
299	0.243047	0.999507	0.999820	0.998765	0.999582	0.999951	0.999528	0.999952	0.998865	0.999541	0.999865	0.999202
300	0.499274	0.999557	0.999344	0.999714	0.999319	0.999951	0.998811	0.999721	0.999901	0.999849	0.999954	0.999005
301-145	0.947475	0.999997	1.000000	1.000000	1.000000	0.999990	0.999988	0.999992	1.000000	0.999997	1.000000	1.000000
302-28	0.951488	1.000000	1.000000	1.000000	1.000000	1.000000	1.000000	1.000000	1.000000	1.000000	1.000000	1.000000
