Id	Cycle	Group	MS	All(+/+)	All(-/-)	All(+/-)	QTL1(+/+)	QTL1(-/-)	QTL1(+/-)	QTL2(+/+)	QTL2(-/-)	QTL2(+/-)	QTL3(+/+)	QTL3(-/-)	QTL3(+/-)	QTL4(+/+)	QTL4(-/-)	QTL4(+/-)	QTL5(+/+)	QTL5(-/-)	QTL5(+/-)	QTL6(+/+)	QTL6(-/-)	QTL6(+/-)	QTL7(+/+)	QTL7(-/-)	QTL7(+/-)	QTL8(+/+)	QTL8(-/-)	QTL8(+/-)	QTL9(+/+)	QTL9(-/-)	QTL9(+/-)	QTL10(+/+)	QTL10(-/-)	QTL10(+/-)
F2	IL	-	0.400000	0.400000	0.600000	0.000000	1.000000	0.000000	0.000000	0.000000	1.000000	0.000000	1.000000	0.000000	0.000000	0.000000	1.000000	0.000000	1.000000	0.000000	0.000000	1.000000	0.000000	0.000000	0.000000	1.000000	0.000000	0.000000	1.000000	0.000000	0.000000	1.000000	0.000000	0.000000	1.000000	0.000000
F252	IL	-	0.600000	0.600000	0.400000	0.000000	0.000000	1.000000	0.000000	1.000000	0.000000	0.000000	0.000000	1.000000	0.000000	1.000000	0.000000	0.000000	0.000000	1.000000	0.000000	0.000000	1.000000	0.000000	1.000000	0.000000	0.000000	1.000000	0.000000	0.000000	1.000000	0.000000	0.000000	1.000000	0.000000	0.000000
f1	F1	-	0.500000	0.000000	0.000000	1.000000	0.000000	0.000000	1.000000	0.000000	0.000000	1.000000	0.000000	0.000000	1.000000	0.000000	0.000000	1.000000	0.000000	0.000000	1.000000	0.000000	0.000000	1.000000	0.000000	0.000000	1.000000	0.000000	0.000000	1.000000	0.000000	0.000000	1.000000	0.000000	0.000000	1.000000
1	F3	G1	0.625460	0.555379	0.303766	0.140162	0.995704	0.000968	0.003223	0.997099	0.000635	0.002198	0.994214	0.001309	0.004386	0.990837	0.000867	0.008188	0.000186	0.988665	0.006735	0.000799	0.996478	0.002675	0.540888	0.013065	0.444913	0.997433	0.000366	0.001377	0.036391	0.036391	0.927117	0.000239	0.998918	0.000804
2	F3	G1	0.472005	0.344429	0.400088	0.255152	0.995704	0.000968	0.003223	0.000421	0.994965	0.003396	0.433369	0.015520	0.550358	0.014248	0.004611	0.980645	0.998718	0.000256	0.000959	0.996478	0.000799	0.002675	0.001029	0.995412	0.003483	0.000424	0.998055	0.001428	0.002606	0.988998	0.008365	0.001293	0.001293	0.996994
3	F3	G1	0.597431	0.424503	0.228203	0.345856	0.994662	0.000806	0.004086	0.009393	0.253808	0.735565	0.428924	0.014725	0.546518	0.987539	0.000580	0.011181	0.000357	0.994377	0.005097	0.996478	0.000799	0.002675	0.005855	0.005855	0.987561	0.002522	0.002522	0.994497	0.819114	0.009935	0.170532	0.000183	0.998626	0.000853
4	F3	G1	0.499969	0.332358	0.330704	0.335222	0.012373	0.303768	0.681779	0.248848	0.005857	0.731058	0.994214	0.001309	0.004386	0.990837	0.000867	0.008188	0.000357	0.994377	0.005097	0.069021	0.007494	0.923379	0.006098	0.006098	0.987706	0.000424	0.998055	0.001428	0.002606	0.988998	0.008365	0.998800	0.000215	0.000836
5	F3	G1	0.591792	0.445323	0.260565	0.292937	0.000931	0.995507	0.003381	0.008014	0.252207	0.736924	0.007742	0.007742	0.984383	0.563366	0.303456	0.131360	0.998718	0.000256	0.000959	0.937835	0.004681	0.056562	0.001029	0.995412	0.003483	0.089161	0.003531	0.903097	0.894923	0.007213	0.097595	0.951514	0.035647	0.011632
6	F3	G1	0.209592	0.111401	0.691376	0.196381	0.000931	0.995507	0.003381	0.000635	0.997099	0.002198	0.001309	0.994214	0.004386	0.000804	0.996379	0.002768	0.998718	0.000256	0.000959	0.052441	0.923442	0.023558	0.000584	0.992802	0.001164	0.000353	0.997593	0.001589	0.056947	0.015172	0.926815	0.001293	0.001293	0.996994
7	F3	G1	0.504471	0.445936	0.435970	0.117070	0.995704	0.000968	0.003223	0.000635	0.997099	0.002198	0.373506	0.532526	0.086779	0.096561	0.004999	0.897276	0.006654	0.859821	0.132780	0.011742	0.965102	0.022615	0.001029	0.995412	0.003483	0.997961	0.000407	0.001481	0.976771	0.003153	0.020029	0.998800	0.000215	0.000836
8	F3	G1	0.376660	0.254389	0.498372	0.244544	0.000931	0.995507	0.003381	0.003891	0.003891	0.992038	0.001399	0.993624	0.004394	0.598979	0.001433	0.393001	0.000097	0.991349	0.007240	0.000377	0.989941	0.003797	0.005855	0.005855	0.987561	0.000353	0.997593	0.001589	0.976771	0.003153	0.020029	0.955232	0.001377	0.032406
9	F3	G1	0.590040	0.398614	0.215363	0.382852	0.005495	0.005495	0.987998	0.997099	0.000635	0.002198	0.000000	0.571370	0.404964	0.990837	0.000867	0.008188	0.000730	0.027511	0.967829	0.004486	0.004486	0.989740	0.013065	0.540888	0.444913	0.997423	0.000301	0.001856	0.976771	0.003153	0.020029	0.000239	0.998918	0.000804
10	F3	G1	0.422439	0.247804	0.402018	0.349270	0.000590	0.993737	0.002385	0.997099	0.000635	0.002198	0.001399	0.993624	0.004394	0.990837	0.000867	0.008188	0.002253	0.029024	0.968369	0.004569	0.004569	0.990691	0.477393	0.012123	0.506848	0.000424	0.998055	0.001428	0.002183	0.986257	0.011203	0.001293	0.001293	0.996994
11	F3	G2	0.386713	0.300940	0.527191	0.171547	0.000931	0.995507	0.003381	0.009393	0.253808	0.735565	0.001309	0.994214	0.004386	0.000804	0.996379	0.002768	0.998718	0.000256	0.000959	0.996478	0.000799	0.002675	0.995412	0.001029	0.003483	0.000393	0.997670	0.001458	0.003158	0.988306	0.008339	0.002803	0.043941	0.952462
12	F3	G2	0.526880	0.427011	0.371563	0.199736	0.009505	0.711279	0.276190	0.997099	0.000635	0.002198	0.428924	0.014725	0.546518	0.002587	0.989206	0.008024	0.000608	0.984294	0.014626	0.000799	0.996478	0.002675	0.995412	0.001029	0.003483	0.017485	0.007858	0.972699	0.819114	0.009935	0.170532	0.998582	0.000189	0.000419
13	F3	G2	0.401323	0.399811	0.596947	0.003023	0.995704	0.000968	0.003223	0.000650	0.996668	0.002164	0.001309	0.994214	0.004386	0.000804	0.996379	0.002768	0.998634	0.000242	0.000957	0.000799	0.996478	0.002675	0.001129	0.994932	0.003436	0.997680	0.000380	0.001418	0.002606	0.988998	0.008365	0.998800	0.000215	0.000836
14	F3	G2	0.548145	0.399890	0.303327	0.296511	0.995704	0.000968	0.003223	0.996668	0.000650	0.002164	0.007366	0.007366	0.984083	0.990837	0.000867	0.008188	0.002253	0.029024	0.968369	0.007394	0.007394	0.984999	0.995412	0.001029	0.003483	0.000424	0.998055	0.001428	0.002606	0.988998	0.008365	0.000239	0.998918	0.000804
15	F3	G2	0.537084	0.467451	0.392299	0.139266	0.671749	0.256708	0.063800	0.997099	0.000635	0.002198	0.994214	0.001309	0.004386	0.009827	0.682191	0.307384	0.000357	0.994377	0.005097	0.996478	0.000799	0.002675	0.001029	0.995412	0.003483	0.002350	0.002350	0.994439	0.002606	0.988998	0.008365	0.998800	0.000215	0.000836
16	F3	G2	0.573260	0.379478	0.231676	0.387564	0.003885	0.295303	0.691581	0.997099	0.000635	0.002198	0.001309	0.994214	0.004386	0.014390	0.004634	0.980692	0.001692	0.010276	0.987685	0.000799	0.996478	0.002675	0.995412	0.001029	0.003483	0.002522	0.002522	0.994497	0.819114	0.009935	0.170532	0.958559	0.001734	0.037910
17	F3	G2	0.106556	0.006419	0.792879	0.200274	0.001047	0.995090	0.003189	0.000650	0.996668	0.002164	0.007366	0.007366	0.984083	0.014248	0.004611	0.980645	0.000357	0.994377	0.005097	0.000799	0.996478	0.002675	0.001029	0.995412	0.003483	0.000424	0.998055	0.001428	0.002606	0.988998	0.008365	0.035662	0.951734	0.011610
18	F3	G2	0.361616	0.203625	0.479703	0.315980	0.005677	0.005677	0.987989	0.003827	0.003827	0.991350	0.001309	0.994214	0.004386	0.014390	0.004634	0.980692	0.000708	0.981128	0.017843	0.004681	0.937835	0.056562	0.001051	0.994353	0.003224	0.997423	0.000301	0.001856	0.048629	0.873328	0.077988	0.958559	0.001734	0.037910
19	F3	G2	0.523023	0.422555	0.372983	0.200936	0.009728	0.300245	0.681748	0.006774	0.756458	0.226539	0.001309	0.994214	0.004386	0.224749	0.136032	0.626634	0.998718	0.000256	0.000959	0.996478	0.000799	0.002675	0.013065	0.540888	0.444913	0.997961	0.000407	0.001481	0.976771	0.003153	0.020029	0.000000	0.997382	0.000000
20	F3	G2	0.567499	0.339119	0.203752	0.456759	0.000765	0.994350	0.004202	0.003891	0.003891	0.992038	0.994214	0.001309	0.004386	0.354190	0.014410	0.630482	0.001692	0.010276	0.987685	0.996478	0.000799	0.002675	0.001029	0.995412	0.003483	0.002522	0.002522	0.994497	0.037830	0.014362	0.947724	0.998582	0.000189	0.000419
21	F3	G3	0.262019	0.184108	0.659158	0.155822	0.266055	0.675540	0.055097	0.003696	0.003696	0.991851	0.001309	0.994214	0.004386	0.973304	0.002813	0.023523	0.000357	0.994377	0.005097	0.052441	0.923442	0.023558	0.540888	0.013065	0.444913	0.000424	0.998055	0.001428	0.002606	0.988998	0.008365	0.000000	0.997382	0.000000
22	F3	G3	0.363263	0.217858	0.489784	0.290810	0.005495	0.005495	0.987998	0.000635	0.997099	0.002198	0.014304	0.587413	0.397419	0.158253	0.325846	0.504656	0.998718	0.000256	0.000959	0.996478	0.000799	0.002675	0.000685	0.992893	0.005512	0.000424	0.998055	0.001428	0.002606	0.988998	0.008365	0.000982	0.000982	0.996887
23	F3	G3	0.647830	0.496993	0.200998	0.301674	0.005495	0.005495	0.987998	0.996673	0.000632	0.002168	0.001309	0.994214	0.004386	0.990837	0.000867	0.008188	0.998718	0.000256	0.000959	0.004569	0.004569	0.990691	0.001074	0.994916	0.003271	0.997961	0.000407	0.001481	0.972001	0.007334	0.020603	0.001293	0.001293	0.996994
24	F3	G3	0.529511	0.370157	0.307932	0.318709	0.300245	0.009728	0.681748	0.996245	0.000474	0.002995	0.001099	0.992642	0.005882	0.744288	0.111653	0.141959	0.998718	0.000256	0.000959	0.007494	0.069021	0.923379	0.008870	0.534108	0.440951	0.089161	0.003531	0.903097	0.555265	0.359286	0.085269	0.000183	0.998626	0.000853
25	F3	G3	0.507345	0.216660	0.200789	0.581371	0.005301	0.005301	0.987903	0.996283	0.000495	0.002892	0.007469	0.007469	0.984184	0.002587	0.989206	0.008024	0.133966	0.003553	0.857639	0.007494	0.069021	0.923379	0.019580	0.019580	0.959712	0.002350	0.002350	0.994439	0.033010	0.909180	0.057630	0.958559	0.001734	0.037910
26	F3	G3	0.601720	0.453901	0.249986	0.295638	0.713221	0.011159	0.274242	0.003891	0.003891	0.992038	0.001309	0.994214	0.004386	0.990837	0.000867	0.008188	0.998468	0.000220	0.001078	0.996478	0.000799	0.002675	0.013082	0.477718	0.508064	0.002428	0.002428	0.994323	0.819114	0.009935	0.170532	0.000183	0.998626	0.000853
27	F3	G3	0.343560	0.226411	0.531981	0.234299	0.995101	0.001007	0.003317	0.000650	0.996668	0.002164	0.007548	0.424749	0.564881	0.000804	0.996379	0.002768	0.102650	0.833352	0.000000	0.920254	0.046770	0.029714	0.005934	0.005934	0.987601	0.000353	0.997593	0.001589	0.230660	0.018857	0.750106	0.000151	0.998504	0.000853
28	F3	G3	0.652022	0.604569	0.300011	0.094906	0.000931	0.995507	0.003381	0.000635	0.997099	0.002198	0.993624	0.001399	0.004394	0.990837	0.000867	0.008188	0.998639	0.000252	0.000994	0.000799	0.996478	0.002675	0.994916	0.001074	0.003271	0.089738	0.004061	0.903099	0.976771	0.003153	0.020029	0.998800	0.000215	0.000836
29	F3	G3	0.446958	0.394954	0.500687	0.104009	0.000765	0.994350	0.004202	0.000635	0.997099	0.002198	0.994214	0.001309	0.004386	0.002587	0.989206	0.008024	0.998468	0.000220	0.001078	0.000799	0.996478	0.002675	0.995412	0.001029	0.003483	0.002537	0.002537	0.994050	0.002606	0.988998	0.008365	0.951514	0.035647	0.011632
30	F3	G3	0.694985	0.592062	0.201187	0.205847	0.995101	0.001007	0.003317	0.247735	0.002566	0.744120	0.001309	0.994214	0.004386	0.705054	0.013166	0.280793	0.998718	0.000256	0.000959	0.996478	0.000799	0.002675	0.001029	0.995412	0.003483	0.997423	0.000301	0.001856	0.976771	0.003153	0.020029	0.000998	0.000998	0.996850
31	F3	G2	0.498757	0.398337	0.400605	0.200840	0.000931	0.995507	0.003381	0.997099	0.000635	0.002198	0.007538	0.007538	0.984244	0.000804	0.996379	0.002768	0.001714	0.011264	0.986567	0.000723	0.995537	0.003419	0.001029	0.995412	0.003483	0.997961	0.000407	0.001481	0.976771	0.003153	0.020029	0.998800	0.000215	0.000836
32	F3	G2	0.428242	0.259557	0.402796	0.337370	0.995704	0.000968	0.003223	0.003891	0.003891	0.992038	0.001309	0.994214	0.004386	0.616067	0.006559	0.376722	0.000608	0.984294	0.014626	0.937907	0.004882	0.056981	0.001029	0.995412	0.003483	0.002428	0.002428	0.994323	0.036391	0.036391	0.927117	0.000239	0.998918	0.000804
33	F3	G2	0.371641	0.268717	0.525034	0.205848	0.677706	0.267440	0.052994	0.000635	0.997099	0.002198	0.993624	0.001399	0.004394	0.014390	0.004634	0.980692	0.000357	0.994377	0.005097	0.000799	0.996478	0.002675	0.995412	0.001029	0.003483	0.000353	0.997593	0.001589	0.002606	0.988998	0.008365	0.001293	0.001293	0.996994
34	F3	G2	0.484346	0.169820	0.199358	0.629051	0.005495	0.005495	0.987998	0.248848	0.005857	0.731058	0.433369	0.015520	0.550358	0.990837	0.000867	0.008188	0.002253	0.029024	0.968369	0.004882	0.937907	0.056981	0.006098	0.006098	0.987706	0.002522	0.002522	0.994497	0.002606	0.988998	0.008365	0.001293	0.001293	0.996994
35	F3	G2	0.565916	0.405025	0.271883	0.321781	0.009505	0.711279	0.276190	0.003693	0.003693	0.991846	0.994214	0.001309	0.004386	0.000804	0.996379	0.002768	0.998718	0.000256	0.000959	0.064290	0.004707	0.922988	0.001029	0.995412	0.003483	0.002428	0.002428	0.994323	0.976771	0.003153	0.020029	0.998800	0.000215	0.000836
36	F3	-	0.451096	0.303412	0.401003	0.295368	0.005677	0.005677	0.987989	0.003696	0.003696	0.991851	0.001309	0.994214	0.004386	0.990837	0.000867	0.008188	0.000357	0.994377	0.005097	0.000799	0.996478	0.002675	0.995412	0.001029	0.003483	0.997961	0.000407	0.001481	0.037830	0.014362	0.947724	0.000239	0.998918	0.000804
37	F3	-	0.415560	0.233394	0.399127	0.364331	0.005677	0.005677	0.987989	0.758012	0.007285	0.230361	0.571370	0.000000	0.404964	0.990837	0.000867	0.008188	0.000357	0.994377	0.005097	0.000799	0.996478	0.002675	0.000766	0.994072	0.004735	0.002537	0.002537	0.994050	0.002606	0.988998	0.008365	0.000982	0.000982	0.996887
38	F3	-	0.500260	0.400265	0.399521	0.199991	0.000931	0.995507	0.003381	0.000635	0.997099	0.002198	0.007538	0.007538	0.984244	0.990837	0.000867	0.008188	0.998545	0.000275	0.001030	0.996478	0.000799	0.002675	0.005855	0.005855	0.987561	0.000424	0.998055	0.001428	0.002606	0.988998	0.008365	0.998800	0.000215	0.000836
39	F3	-	0.585788	0.571702	0.399138	0.028172	0.000765	0.994350	0.004202	0.758012	0.007285	0.230361	0.994214	0.001309	0.004386	0.990837	0.000867	0.008188	0.000097	0.991349	0.007240	0.996478	0.000799	0.002675	0.001029	0.995412	0.003483	0.000232	0.996663	0.000741	0.976771	0.003153	0.020029	0.998582	0.000189	0.000419
40	F3	G4	0.450183	0.301131	0.400572	0.298104	0.995704	0.000968	0.003223	0.997099	0.000635	0.002198	0.992364	0.000962	0.006235	0.014345	0.004627	0.980677	0.001692	0.010276	0.987685	0.000799	0.996478	0.002675	0.006098	0.006098	0.987706	0.000424	0.998055	0.001428	0.002606	0.988998	0.008365	0.000183	0.998626	0.000853
41	F3	G5	0.413490	0.303243	0.473416	0.220495	0.993933	0.000653	0.001829	0.000000	0.749867	0.232771	0.000962	0.992364	0.006235	0.000804	0.996379	0.002768	0.000608	0.984294	0.014626	0.996478	0.000799	0.002675	0.000584	0.992802	0.001164	0.002428	0.002428	0.994323	0.037830	0.014362	0.947724	0.998800	0.000215	0.000836
42	F3	G5	0.795341	0.696512	0.105478	0.197658	0.005695	0.005695	0.987900	0.996673	0.000632	0.002168	0.992364	0.000962	0.006235	0.990837	0.000867	0.008188	0.000357	0.994377	0.005097	0.996478	0.000799	0.002675	0.995412	0.001029	0.003483	0.997961	0.000407	0.001481	0.037830	0.014362	0.947724	0.951514	0.035647	0.011632
43	F3	-	0.087196	0.028162	0.853380	0.118069	0.000936	0.994852	0.003155	0.000650	0.996668	0.002164	0.001099	0.992642	0.005882	0.000804	0.996379	0.002768	0.000357	0.994377	0.005097	0.001366	0.994269	0.004226	0.000766	0.994072	0.004735	0.002350	0.002350	0.994439	0.273051	0.569267	0.157424	0.000239	0.998918	0.000804
44	F3	-	0.545154	0.195434	0.104409	0.699440	0.713221	0.011159	0.274242	0.253808	0.009393	0.735565	0.007538	0.007538	0.984244	0.014345	0.004627	0.980677	0.000708	0.981128	0.017843	0.004566	0.004566	0.990658	0.005934	0.005934	0.987601	0.915095	0.004087	0.078851	0.037830	0.014362	0.947724	0.001293	0.001293	0.996994
45	F3	-	0.745872	0.693272	0.201304	0.105200	0.995704	0.000968	0.003223	0.997099	0.000635	0.002198	0.994214	0.001309	0.004386	0.973304	0.002813	0.023523	0.001692	0.010276	0.987685	0.995537	0.000723	0.003419	0.000746	0.994004	0.004870	0.997423	0.000301	0.001856	0.976771	0.003153	0.020029	0.000226	0.998856	0.000811
46	F3	G6	0.658335	0.490038	0.172669	0.336595	0.008299	0.710252	0.276208	0.997099	0.000635	0.002198	0.994214	0.001309	0.004386	0.000804	0.996379	0.002768	0.998718	0.000256	0.000959	0.996478	0.000799	0.002675	0.006028	0.006028	0.987672	0.002522	0.002522	0.994497	0.894923	0.007213	0.097595	0.001293	0.001293	0.996994
47	F3	G6	0.547606	0.324038	0.228157	0.447136	0.953928	0.016213	0.029254	0.033769	0.033769	0.931469	0.024149	0.024149	0.951227	0.000756	0.996096	0.002829	0.047540	0.711934	0.239740	0.374798	0.374798	0.249835	0.995244	0.001005	0.003603	0.017663	0.008063	0.972758	0.230660	0.018857	0.750106	0.561872	0.096689	0.340539
48	F3	G6	0.299284	0.106239	0.506586	0.386090	0.743917	0.110477	0.138846	0.003693	0.003693	0.991846	0.001309	0.994214	0.004386	0.260194	0.013469	0.725189	0.003594	0.954317	0.041645	0.044782	0.009062	0.945848	0.001029	0.995412	0.003483	0.000393	0.997670	0.001458	0.002183	0.986257	0.011203	0.001293	0.001293	0.996994
49	F3	-	0.735753	0.508368	0.035124	0.454769	0.005677	0.005677	0.987989	0.013116	0.013116	0.971858	0.992642	0.001099	0.005882	0.013727	0.320112	0.654763	0.998718	0.000256	0.000959	0.996478	0.000799	0.002675	0.994932	0.001129	0.003436	0.090330	0.004606	0.903101	0.976771	0.003153	0.020029	0.001293	0.001293	0.996994
50	F3	-	0.603243	0.506001	0.298988	0.194485	0.995704	0.000968	0.003223	0.996953	0.000617	0.002285	0.994214	0.001309	0.004386	0.000804	0.996379	0.002768	0.000708	0.981128	0.017843	0.000799	0.996478	0.002675	0.006098	0.006098	0.987706	0.089161	0.003531	0.903097	0.976771	0.003153	0.020029	0.998800	0.000215	0.000836
51	F3	-	0.567325	0.342430	0.207425	0.449790	0.005495	0.005495	0.987998	0.003827	0.003827	0.991350	0.007742	0.007742	0.984383	0.424470	0.007846	0.567123	0.000708	0.981128	0.017843	0.007494	0.069021	0.923379	0.001029	0.995412	0.003483	0.997961	0.000407	0.001481	0.976771	0.003153	0.020029	0.998800	0.000215	0.000836
52	F3	-	0.665675	0.533906	0.200688	0.263538	0.000765	0.994350	0.004202	0.247735	0.002566	0.744120	0.994214	0.001309	0.004386	0.990837	0.000867	0.008188	0.130617	0.000000	0.857946	0.004569	0.004569	0.990691	0.995412	0.001029	0.003483	0.997961	0.000407	0.001481	0.976771	0.003153	0.020029	0.000183	0.998626	0.000853
53	F3	-	0.493601	0.389439	0.401858	0.208325	0.994662	0.000806	0.004086	0.000635	0.997099	0.002198	0.007742	0.007742	0.984383	0.000587	0.995310	0.003732	0.998718	0.000256	0.000959	0.937907	0.004882	0.056981	0.001029	0.995412	0.003483	0.915095	0.004087	0.078851	0.037830	0.014362	0.947724	0.000183	0.998626	0.000853
54	F3	-	0.376866	0.270543	0.516407	0.212645	0.995704	0.000968	0.003223	0.000635	0.997099	0.002198	0.013891	0.587152	0.397226	0.424470	0.007846	0.567123	0.001692	0.010276	0.987685	0.001366	0.994269	0.004226	0.994072	0.000766	0.004735	0.000314	0.997510	0.001809	0.273051	0.569267	0.157424	0.000239	0.998918	0.000804
55	F3	-	0.517787	0.401274	0.364710	0.233025	0.995704	0.000968	0.003223	0.008015	0.253266	0.734816	0.001309	0.994214	0.004386	0.990837	0.000867	0.008188	0.000708	0.981128	0.017843	0.996478	0.000799	0.002675	0.994004	0.000746	0.004870	0.002522	0.002522	0.994497	0.022929	0.413667	0.558950	0.000239	0.998918	0.000804
56	F3	-	0.438581	0.327546	0.450104	0.222070	0.005495	0.005495	0.987998	0.996673	0.000632	0.002168	0.007742	0.007742	0.984383	0.990837	0.000867	0.008188	0.000708	0.981128	0.017843	0.004882	0.937907	0.056981	0.995412	0.001029	0.003483	0.000424	0.998055	0.001428	0.273051	0.569267	0.157424	0.000239	0.998918	0.000804
57	F3	-	0.363910	0.298095	0.569413	0.131631	0.008299	0.710252	0.276208	0.000421	0.994965	0.003396	0.000962	0.992364	0.006235	0.000827	0.996015	0.002633	0.000357	0.994377	0.005097	0.996478	0.000799	0.002675	0.994072	0.000766	0.004735	0.002522	0.002522	0.994497	0.976771	0.003153	0.020029	0.000239	0.998918	0.000804
58	F3	-	0.543643	0.392982	0.304976	0.301321	0.000936	0.994852	0.003155	0.000635	0.997099	0.002198	0.992364	0.000962	0.006235	0.014390	0.004634	0.980692	0.867020	0.036799	0.092630	0.000799	0.996478	0.002675	0.995412	0.001029	0.003483	0.002522	0.002522	0.994497	0.056947	0.015172	0.926815	0.998800	0.000215	0.000836
59	F3	-	0.515856	0.459322	0.427353	0.113068	0.000931	0.995507	0.003381	0.997099	0.000635	0.002198	0.994214	0.001309	0.004386	0.990837	0.000867	0.008188	0.000357	0.994377	0.005097	0.052441	0.923442	0.023558	0.001029	0.995412	0.003483	0.002522	0.002522	0.994497	0.555265	0.359286	0.085269	0.998518	0.000171	0.000625
60	F3	-	0.657147	0.455856	0.140009	0.402582	0.303768	0.012373	0.681779	0.253266	0.008015	0.734816	0.001309	0.994214	0.004386	0.422308	0.005256	0.565638	0.001692	0.010276	0.987685	0.069021	0.007494	0.923379	0.995412	0.001029	0.003483	0.997961	0.000407	0.001481	0.555265	0.359286	0.085269	0.958559	0.001734	0.037910
61	F3	-	0.297268	0.194626	0.599842	0.205284	0.000931	0.995507	0.003381	0.996673	0.000632	0.002168	0.001099	0.992642	0.005882	0.000804	0.996379	0.002768	0.000357	0.994377	0.005097	0.044782	0.009062	0.945848	0.006098	0.006098	0.987706	0.000353	0.997593	0.001589	0.894923	0.007213	0.097595	0.000239	0.998918	0.000804
62	F3	-	0.567739	0.535820	0.399428	0.063837	0.000931	0.995507	0.003381	0.000632	0.996673	0.002168	0.001309	0.994214	0.004386	0.000804	0.996379	0.002768	0.998718	0.000256	0.000959	0.996478	0.000799	0.002675	0.467648	0.002616	0.522126	0.997961	0.000407	0.001481	0.894923	0.007213	0.097595	0.998800	0.000215	0.000836
63	F3	-	0.425453	0.213295	0.361755	0.424316	0.000931	0.995507	0.003381	0.003891	0.003891	0.992038	0.007742	0.007742	0.984383	0.014248	0.004611	0.980645	0.000000	0.009606	0.986131	0.000799	0.996478	0.002675	0.995412	0.001029	0.003483	0.000424	0.998055	0.001428	0.110703	0.600413	0.288158	0.998800	0.000215	0.000836
64	F3	-	0.601095	0.431663	0.226957	0.338864	0.005495	0.005495	0.987998	0.720088	0.217123	0.055759	0.007742	0.007742	0.984383	0.033466	0.000000	0.952489	0.998718	0.000256	0.000959	0.996478	0.000799	0.002675	0.500902	0.437275	0.060444	0.000353	0.997593	0.001589	0.054585	0.603069	0.341513	0.998800	0.000215	0.000836
65	F3	-	0.716748	0.538871	0.104059	0.355753	0.993277	0.000585	0.003771	0.997099	0.000635	0.002198	0.994214	0.001309	0.004386	0.608555	0.020543	0.369882	0.000708	0.981128	0.017843	0.996478	0.000799	0.002675	0.477393	0.012123	0.506848	0.090330	0.004606	0.903101	0.230660	0.018857	0.750106	0.000000	0.000000	0.996718
66	F3	-	0.572631	0.410612	0.265057	0.324038	0.994662	0.000806	0.004086	0.003812	0.003812	0.991962	0.994214	0.001309	0.004386	0.000804	0.996379	0.002768	0.998718	0.000256	0.000959	0.004569	0.004569	0.990691	0.995412	0.001029	0.003483	0.000424	0.998055	0.001428	0.110703	0.600413	0.288158	0.002803	0.043941	0.952462
67	F3	-	0.530585	0.401676	0.339751	0.257818	0.994751	0.000873	0.003761	0.997099	0.000635	0.002198	0.007469	0.007469	0.984184	0.000587	0.995310	0.003732	0.000000	0.974848	0.021149	0.996478	0.000799	0.002675	0.994932	0.001129	0.003436	0.002428	0.002428	0.994323	0.022792	0.415168	0.561906	0.000226	0.998856	0.000811
68	F3	-	0.490917	0.298180	0.314970	0.385474	0.005586	0.005586	0.987993	0.008015	0.253266	0.734816	0.386893	0.543371	0.066924	0.000804	0.996379	0.002768	0.001714	0.011264	0.986567	0.000799	0.996478	0.002675	0.994004	0.000746	0.004870	0.997961	0.000407	0.001481	0.542575	0.339794	0.114034	0.043446	0.002407	0.952615
69	F3	-	0.478744	0.270223	0.310235	0.417042	0.671749	0.256708	0.063800	0.003827	0.003827	0.991350	0.011510	0.429068	0.550608	0.990837	0.000867	0.008188	0.000357	0.994377	0.005097	0.004542	0.004542	0.990392	0.994932	0.001129	0.003436	0.000251	0.996875	0.001608	0.022929	0.413667	0.558950	0.001293	0.001293	0.996994
70	F3	-	0.435456	0.327816	0.456134	0.215280	0.005495	0.005495	0.987998	0.731462	0.225086	0.042052	0.001309	0.994214	0.004386	0.002587	0.989206	0.008024	0.001714	0.011264	0.986567	0.000799	0.996478	0.002675	0.994072	0.000766	0.004735	0.997961	0.000407	0.001481	0.542575	0.339794	0.114034	0.000183	0.998626	0.000853
71	F3	-	0.648769	0.595704	0.298001	0.106130	0.995704	0.000968	0.003223	0.996245	0.000474	0.002995	0.001309	0.994214	0.004386	0.990837	0.000867	0.008188	0.000708	0.981128	0.017843	0.000799	0.996478	0.002675	0.995412	0.001029	0.003483	0.997961	0.000407	0.001481	0.976771	0.003153	0.020029	0.001293	0.001293	0.996994
72	F3	-	0.421029	0.298896	0.456260	0.244265	0.005495	0.005495	0.987998	0.997099	0.000635	0.002198	0.013891	0.587152	0.397226	0.014390	0.004634	0.980692	0.000708	0.981128	0.017843	0.000799	0.996478	0.002675	0.995412	0.001029	0.003483	0.000424	0.998055	0.001428	0.002183	0.986257	0.011203	0.958559	0.001734	0.037910
73	F3	-	0.449383	0.299613	0.400255	0.299541	0.000931	0.995507	0.003381	0.003827	0.003827	0.991350	0.014304	0.587413	0.397419	0.000804	0.996379	0.002768	0.998718	0.000256	0.000959	0.000799	0.996478	0.002675	0.995412	0.001029	0.003483	0.915095	0.004087	0.078851	0.022792	0.415168	0.561906	0.043446	0.002407	0.952615
74	F3	-	0.316008	0.259025	0.626736	0.113966	0.995704	0.000968	0.003223	0.000635	0.997099	0.002198	0.001309	0.994214	0.004386	0.014390	0.004634	0.980692	0.000708	0.981128	0.017843	0.004882	0.937907	0.056981	0.001029	0.995412	0.003483	0.997961	0.000407	0.001481	0.573391	0.356674	0.068566	0.000239	0.998918	0.000804
75	F3	-	0.397037	0.295953	0.501462	0.202167	0.001047	0.995090	0.003189	0.003693	0.003693	0.991846	0.001309	0.994214	0.004386	0.000804	0.996379	0.002768	0.998718	0.000256	0.000959	0.004542	0.004542	0.990392	0.995412	0.001029	0.003483	0.000314	0.997510	0.001809	0.002183	0.986257	0.011203	0.951514	0.035647	0.011632
76	F3	-	0.561839	0.426927	0.302784	0.269823	0.303768	0.012373	0.681779	0.000474	0.996245	0.002995	0.994214	0.001309	0.004386	0.000804	0.996379	0.002768	0.998718	0.000256	0.000959	0.937907	0.004882	0.056981	0.992893	0.000685	0.005512	0.002428	0.002428	0.994323	0.037830	0.014362	0.947724	0.000239	0.998918	0.000804
77	F3	-	0.379215	0.161220	0.401917	0.435990	0.005677	0.005677	0.987989	0.997099	0.000635	0.002198	0.007742	0.007742	0.984383	0.000804	0.996379	0.002768	0.000608	0.984294	0.014626	0.000799	0.996478	0.002675	0.539855	0.011446	0.443322	0.002428	0.002428	0.994323	0.056947	0.015172	0.926815	0.000239	0.998918	0.000804
78	F3	-	0.402420	0.299335	0.494162	0.206170	0.995704	0.000968	0.003223	0.000495	0.996283	0.002892	0.001309	0.994214	0.004386	0.014248	0.004611	0.980645	0.001714	0.011264	0.986567	0.004681	0.937835	0.056562	0.000766	0.994072	0.004735	0.997423	0.000301	0.001856	0.976771	0.003153	0.020029	0.000239	0.998918	0.000804
79	F3	-	0.667860	0.545425	0.208936	0.244870	0.995704	0.000968	0.003223	0.253808	0.009393	0.735565	0.433369	0.015520	0.550358	0.000804	0.996379	0.002768	0.000608	0.984294	0.014626	0.007494	0.069021	0.923379	0.994072	0.000766	0.004735	0.915095	0.004087	0.078851	0.894923	0.007213	0.097595	0.958373	0.001714	0.037601
80	F3	-	0.609406	0.456214	0.236950	0.306383	0.000931	0.995507	0.003381	0.003693	0.003693	0.991846	0.992364	0.000962	0.006235	0.990837	0.000867	0.008188	0.000357	0.994377	0.005097	0.996478	0.000799	0.002675	0.005934	0.005934	0.987601	0.017485	0.007858	0.972699	0.555265	0.359286	0.085269	0.998800	0.000215	0.000836
81	F3	-	0.437982	0.201054	0.324117	0.473856	0.001047	0.995090	0.003189	0.008014	0.252207	0.736924	0.001309	0.994214	0.004386	0.014390	0.004634	0.980692	0.000708	0.981128	0.017843	0.004486	0.004486	0.989740	0.005855	0.005855	0.987561	0.997961	0.000407	0.001481	0.976771	0.003153	0.020029	0.000000	0.000000	0.996718
82	F3	-	0.614219	0.423331	0.193658	0.381776	0.994751	0.000873	0.003761	0.003827	0.003827	0.991350	0.994214	0.001309	0.004386	0.014248	0.004611	0.980645	0.000097	0.991349	0.007240	0.996478	0.000799	0.002675	0.994932	0.001129	0.003436	0.002816	0.912532	0.077168	0.230660	0.018857	0.750106	0.001293	0.001293	0.996994
83	F3	-	0.589359	0.492750	0.312136	0.193218	0.994751	0.000873	0.003761	0.000635	0.997099	0.002198	0.994214	0.001309	0.004386	0.014390	0.004634	0.980692	0.000357	0.994377	0.005097	0.000799	0.996478	0.002675	0.995412	0.001029	0.003483	0.001028	0.084984	0.904570	0.976771	0.003153	0.020029	0.949144	0.037426	0.005290
84	F3	-	0.127408	0.074453	0.819309	0.105910	0.005586	0.005586	0.987993	0.731462	0.225086	0.042052	0.001309	0.994214	0.004386	0.000804	0.996379	0.002768	0.000357	0.994377	0.005097	0.000799	0.996478	0.002675	0.001029	0.995412	0.003483	0.000424	0.998055	0.001428	0.002606	0.988998	0.008365	0.000151	0.998504	0.000853
85	F3	-	0.406964	0.245990	0.430385	0.321948	0.009728	0.300245	0.681748	0.003827	0.003827	0.991350	0.007366	0.007366	0.984083	0.000587	0.995310	0.003732	0.998718	0.000256	0.000959	0.000799	0.996478	0.002675	0.477393	0.012123	0.506848	0.000314	0.997510	0.001809	0.002606	0.988998	0.008365	0.958559	0.001734	0.037910
86	F3	-	0.550065	0.499379	0.399065	0.101371	0.994751	0.000873	0.003761	0.997099	0.000635	0.002198	0.007742	0.007742	0.984383	0.000804	0.996379	0.002768	0.998718	0.000256	0.000959	0.996478	0.000799	0.002675	0.995412	0.001029	0.003483	0.000424	0.998055	0.001428	0.002183	0.986257	0.011203	0.000183	0.998626	0.000853
87	F3	-	0.305570	0.200894	0.589249	0.209352	0.995704	0.000968	0.003223	0.000635	0.997099	0.002198	0.007623	0.007623	0.984336	0.990837	0.000867	0.008188	0.000708	0.981128	0.017843	0.000799	0.996478	0.002675	0.006098	0.006098	0.987706	0.003816	0.915025	0.078361	0.002606	0.988998	0.008365	0.000111	0.998209	0.000629
88	F3	-	0.257941	0.020103	0.502840	0.475677	0.009505	0.711279	0.276190	0.007285	0.758012	0.230361	0.024149	0.024149	0.951227	0.000417	0.994812	0.003910	0.135095	0.004739	0.859241	0.007494	0.069021	0.923379	0.011715	0.476011	0.509237	0.002537	0.002537	0.994050	0.002606	0.988998	0.008365	0.000225	0.998847	0.000816
89	F3	-	0.214107	0.112546	0.683582	0.203121	0.000931	0.995507	0.003381	0.003696	0.003696	0.991851	0.994214	0.001309	0.004386	0.000804	0.996379	0.002768	0.116184	0.853670	0.024629	0.000799	0.996478	0.002675	0.006098	0.006098	0.987706	0.000314	0.997510	0.001809	0.002183	0.986257	0.011203	0.000239	0.998918	0.000804
90	F3	-	0.459907	0.357207	0.436297	0.205399	0.000931	0.995507	0.003381	0.000635	0.997099	0.002198	0.532526	0.373506	0.086779	0.990837	0.000867	0.008188	0.998718	0.000256	0.000959	0.996044	0.000723	0.002447	0.005934	0.005934	0.987601	0.000393	0.997670	0.001458	0.002606	0.988998	0.008365	0.043446	0.002407	0.952615
91	F3	-	0.614699	0.461994	0.231613	0.305410	0.953928	0.016213	0.029254	0.033769	0.033769	0.931469	0.313260	0.029832	0.655408	0.940232	0.001482	0.057719	0.897658	0.039512	0.061402	0.374798	0.374798	0.249835	0.994353	0.001051	0.003224	0.011297	0.967000	0.019743	0.037830	0.014362	0.947724	0.062810	0.838116	0.098325
92	F3	-	0.415629	0.288431	0.456874	0.254396	0.000931	0.995507	0.003381	0.003891	0.003891	0.992038	0.433369	0.015520	0.550358	0.000804	0.996379	0.002768	0.998718	0.000256	0.000959	0.007494	0.069021	0.923379	0.437275	0.500902	0.060444	0.000424	0.998055	0.001428	0.002606	0.988998	0.008365	0.998800	0.000215	0.000836
93	F3	-	0.609964	0.521876	0.301037	0.176177	0.994751	0.000873	0.003761	0.250741	0.006467	0.736079	0.007623	0.007623	0.984336	0.990837	0.000867	0.008188	0.998545	0.000275	0.001030	0.000799	0.996478	0.002675	0.001029	0.995412	0.003483	0.997433	0.000366	0.001377	0.976771	0.003153	0.020029	0.000226	0.998856	0.000811
94	F3	-	0.312755	0.156611	0.529960	0.312287	0.000931	0.995507	0.003381	0.003891	0.003891	0.992038	0.001290	0.993957	0.004579	0.563366	0.303456	0.131360	0.132869	0.003026	0.860526	0.000799	0.996478	0.002675	0.000766	0.994072	0.004735	0.000353	0.997593	0.001589	0.819114	0.009935	0.170532	0.042730	0.001681	0.951456
95	F3	-	0.545977	0.402808	0.309458	0.286339	0.995704	0.000968	0.003223	0.000635	0.997099	0.002198	0.994214	0.001309	0.004386	0.014390	0.004634	0.980692	0.132141	0.002226	0.862380	0.000799	0.996478	0.002675	0.994004	0.000746	0.004870	0.001028	0.084984	0.904570	0.894923	0.007213	0.097595	0.000239	0.998918	0.000804
96	F3	-	0.207925	0.110725	0.693391	0.194399	0.000931	0.995507	0.003381	0.000635	0.997099	0.002198	0.007742	0.007742	0.984383	0.000804	0.996379	0.002768	0.117274	0.858238	0.019702	0.000799	0.996478	0.002675	0.001029	0.995412	0.003483	0.001028	0.084984	0.904570	0.976771	0.003153	0.020029	0.000239	0.998918	0.000804
97	F3	-	0.262247	0.118294	0.592602	0.287905	0.000936	0.994852	0.003155	0.996283	0.000495	0.002892	0.014304	0.587413	0.397419	0.000804	0.996379	0.002768	0.117274	0.858238	0.019702	0.000723	0.995537	0.003419	0.012123	0.477393	0.506848	0.002428	0.002428	0.994323	0.037830	0.014362	0.947724	0.000239	0.998918	0.000804
98	F3	-	0.329642	0.225676	0.565529	0.207933	0.266055	0.675540	0.055097	0.000635	0.997099	0.002198	0.007742	0.007742	0.984383	0.000804	0.996379	0.002768	0.000000	0.977590	0.018260	0.004569	0.004569	0.990691	0.001029	0.995412	0.003483	0.000353	0.997593	0.001589	0.976771	0.003153	0.020029	0.998800	0.000215	0.000836
99	F3	-	0.609787	0.512467	0.291552	0.194641	0.706062	0.005449	0.279814	0.996245	0.000474	0.002995	0.994214	0.001309	0.004386	0.424470	0.007846	0.567123	0.998718	0.000256	0.000959	0.996478	0.000799	0.002675	0.000766	0.994072	0.004735	0.003816	0.915025	0.078361	0.002606	0.988998	0.008365	0.001293	0.001293	0.996994
100	F3	-	0.262477	0.102699	0.576391	0.319555	0.008299	0.710252	0.276208	0.003827	0.003827	0.991350	0.001309	0.994214	0.004386	0.000804	0.996379	0.002768	0.000000	0.977590	0.018260	0.000723	0.995537	0.003419	0.006098	0.006098	0.987706	0.004527	0.090795	0.902254	0.002606	0.988998	0.008365	0.998800	0.000215	0.000836
101	F3	-	0.574901	0.386494	0.235730	0.376815	0.000931	0.995507	0.003381	0.003696	0.003696	0.991851	0.001309	0.994214	0.004386	0.035004	0.331039	0.632824	0.996757	0.000000	0.000000	0.996478	0.000799	0.002675	0.019580	0.019580	0.959712	0.915095	0.004087	0.078851	0.894923	0.007213	0.097595	0.001165	0.001165	0.996873
102	F3	-	0.474250	0.373645	0.423246	0.201211	0.668574	0.267046	0.053257	0.000632	0.996673	0.002168	0.007742	0.007742	0.984383	0.990837	0.000867	0.008188	0.998718	0.000256	0.000959	0.996478	0.000799	0.002675	0.001029	0.995412	0.003483	0.000353	0.997593	0.001589	0.037830	0.014362	0.947724	0.034253	0.951716	0.007681
103	F3	-	0.372915	0.292088	0.544381	0.161654	0.008299	0.710252	0.276208	0.007285	0.758012	0.230361	0.994214	0.001309	0.004386	0.987539	0.000580	0.011181	0.000357	0.994377	0.005097	0.004542	0.004542	0.990392	0.003582	0.984416	0.011494	0.912214	0.002405	0.078251	0.002606	0.988998	0.008365	0.000239	0.998918	0.000804
104	F3	-	0.342474	0.184793	0.499038	0.315363	0.005495	0.005495	0.987998	0.253266	0.008015	0.734816	0.587152	0.013891	0.397226	0.000804	0.996379	0.002768	0.000708	0.981128	0.017843	0.000799	0.996478	0.002675	0.995412	0.001029	0.003483	0.000393	0.997670	0.001458	0.002606	0.988998	0.008365	0.001293	0.001293	0.996994
105	F3	-	0.389174	0.318973	0.539523	0.140403	0.009505	0.711279	0.276190	0.247735	0.002566	0.744120	0.001099	0.992642	0.005882	0.009827	0.682191	0.307384	0.000357	0.994377	0.005097	0.000723	0.995537	0.003419	0.994004	0.000746	0.004870	0.949470	0.013824	0.036236	0.976771	0.003153	0.020029	0.000239	0.998918	0.000804
106	F3	-	0.626843	0.494039	0.239740	0.265609	0.012373	0.303768	0.681779	0.996668	0.000650	0.002164	0.001309	0.994214	0.004386	0.990527	0.000820	0.007913	0.998468	0.000220	0.001078	0.937907	0.004882	0.056981	0.005934	0.005934	0.987601	0.766359	0.069430	0.163230	0.230660	0.018857	0.750106	0.000183	0.998626	0.000853
107	F3	-	0.512028	0.374361	0.349425	0.275335	0.000931	0.995507	0.003381	0.003696	0.003696	0.991851	0.994214	0.001309	0.004386	0.990837	0.000867	0.008188	0.117274	0.858238	0.019702	0.069021	0.007494	0.923379	0.001029	0.995412	0.003483	0.294972	0.062272	0.641134	0.273051	0.569267	0.157424	0.998582	0.000189	0.000419
108	F3	-	0.662021	0.622652	0.296673	0.078739	0.994751	0.000873	0.003761	0.000474	0.996245	0.002995	0.994214	0.001309	0.004386	0.036406	0.327804	0.622884	0.998545	0.000275	0.001030	0.996478	0.000799	0.002675	0.994004	0.000746	0.004870	0.210663	0.652205	0.132754	0.002183	0.986257	0.011203	0.998800	0.000215	0.000836
109	F3	-	0.557565	0.517224	0.401883	0.080682	0.000931	0.995507	0.003381	0.997099	0.000635	0.002198	0.994214	0.001309	0.004386	0.000804	0.996379	0.002768	0.998718	0.000256	0.000959	0.000799	0.996478	0.002675	0.001029	0.995412	0.003483	0.949470	0.013824	0.036236	0.230660	0.018857	0.750106	0.998518	0.000171	0.000625
110	F3	-	0.714071	0.660651	0.231562	0.106839	0.995704	0.000968	0.003223	0.996673	0.000632	0.002168	0.992642	0.001099	0.005882	0.563366	0.303456	0.131360	0.998718	0.000256	0.000959	0.004681	0.937835	0.056562	0.798589	0.018373	0.180828	0.294972	0.062272	0.641134	0.002606	0.988998	0.008365	0.958559	0.001734	0.037910
111	F3	-	0.443802	0.206977	0.318641	0.473650	0.993277	0.000585	0.003771	0.000635	0.997099	0.002198	0.007623	0.007623	0.984336	0.990837	0.000867	0.008188	0.002253	0.029024	0.968369	0.004569	0.004569	0.990691	0.006098	0.006098	0.987706	0.041446	0.726459	0.228529	0.022792	0.415168	0.561906	0.000239	0.998918	0.000804
112	F3	-	0.406949	0.304555	0.489293	0.204788	0.993277	0.000585	0.003771	0.003827	0.003827	0.991350	0.007538	0.007538	0.984244	0.990837	0.000867	0.008188	0.000357	0.994377	0.005097	0.000723	0.995537	0.003419	0.001129	0.994932	0.003436	0.070856	0.893197	0.027539	0.976771	0.003153	0.020029	0.000239	0.998918	0.000804
113	F3	-	0.517033	0.236414	0.200024	0.561238	0.005495	0.005495	0.987998	0.008289	0.759064	0.231449	0.994214	0.001309	0.004386	0.522898	0.290323	0.174871	0.001714	0.011264	0.986567	0.004542	0.004542	0.990392	0.005934	0.005934	0.987601	0.000958	0.911390	0.081694	0.819114	0.009935	0.170532	0.000982	0.000982	0.996887
114	F3	-	0.462364	0.424218	0.499040	0.076291	0.995704	0.000968	0.003223	0.253266	0.008015	0.734816	0.994214	0.001309	0.004386	0.000804	0.996379	0.002768	0.998718	0.000256	0.000959	0.000799	0.996478	0.002675	0.995412	0.001029	0.003483	0.000424	0.998055	0.001428	0.002606	0.988998	0.008365	0.000239	0.998918	0.000804
115	F3	-	0.477978	0.333446	0.375332	0.289065	0.712674	0.010442	0.273916	0.007285	0.758012	0.230361	0.992364	0.000962	0.006235	0.613749	0.005864	0.378541	0.001692	0.010276	0.987685	0.004707	0.064290	0.922988	0.995412	0.001029	0.003483	0.003816	0.915025	0.078361	0.002606	0.988998	0.008365	0.000153	0.998422	0.000713
116	F3	-	0.552253	0.371457	0.264295	0.361592	0.995704	0.000968	0.003223	0.003891	0.003891	0.992038	0.413482	0.000000	0.562843	0.299191	0.648968	0.050830	0.998545	0.000275	0.001030	0.996478	0.000799	0.002675	0.001029	0.995412	0.003483	0.002350	0.002350	0.994439	0.002606	0.988998	0.008365	0.001293	0.001293	0.996994
117	F3	-	0.632814	0.438102	0.170829	0.389424	0.995704	0.000968	0.003223	0.003827	0.003827	0.991350	0.992642	0.001099	0.005882	0.008483	0.681531	0.305451	0.998468	0.000220	0.001078	0.004569	0.004569	0.990691	0.467648	0.002616	0.522126	0.090330	0.004606	0.903101	0.819114	0.009935	0.170532	0.000239	0.998918	0.000804
118	F3	-	0.638994	0.535349	0.256286	0.207289	0.994662	0.000806	0.004086	0.003827	0.003827	0.991350	0.385810	0.554806	0.051683	0.990527	0.000820	0.007913	0.998639	0.000252	0.000994	0.004569	0.004569	0.990691	0.001029	0.995412	0.003483	0.997423	0.000301	0.001856	0.976771	0.003153	0.020029	0.000239	0.998918	0.000804
119	F3	-	0.158800	0.044411	0.725946	0.228778	0.011282	0.303023	0.680862	0.000474	0.996245	0.002995	0.001099	0.992642	0.005882	0.424470	0.007846	0.567123	0.000708	0.981128	0.017843	0.000799	0.996478	0.002675	0.001129	0.994932	0.003436	0.000251	0.996875	0.001608	0.002606	0.988998	0.008365	0.001293	0.001293	0.996994
120	F3	-	0.583315	0.423726	0.256623	0.319179	0.994751	0.000873	0.003761	0.253808	0.009393	0.735565	0.993624	0.001399	0.004394	0.000804	0.996379	0.002768	0.001692	0.010276	0.987685	0.004542	0.004542	0.990392	0.013065	0.540888	0.444913	0.997961	0.000407	0.001481	0.976771	0.003153	0.020029	0.000239	0.998918	0.000804
121	F3	-	0.625265	0.389385	0.138244	0.471761	0.005495	0.005495	0.987998	0.003891	0.003891	0.992038	0.007538	0.007538	0.984244	0.035004	0.331039	0.632824	0.867427	0.028207	0.102487	0.004569	0.004569	0.990691	0.994004	0.000746	0.004870	0.000353	0.997593	0.001589	0.976771	0.003153	0.020029	0.998800	0.000215	0.000836
122	F3	-	0.463141	0.252666	0.325819	0.420952	0.000931	0.995507	0.003381	0.000635	0.997099	0.002198	0.007742	0.007742	0.984383	0.616067	0.006559	0.376722	0.016825	0.215192	0.767186	0.923442	0.052441	0.023558	0.006098	0.006098	0.987706	0.915095	0.004087	0.078851	0.037830	0.014362	0.947724	0.001991	0.959106	0.037807
123	F3	-	0.653208	0.432847	0.125388	0.440720	0.005677	0.005677	0.987989	0.997099	0.000635	0.002198	0.433369	0.015520	0.550358	0.014390	0.004634	0.980692	0.016825	0.215192	0.767186	0.000799	0.996478	0.002675	0.994004	0.000746	0.004870	0.089161	0.003531	0.903097	0.819114	0.009935	0.170532	0.958037	0.001531	0.037606
124	F3	-	0.509467	0.222637	0.202708	0.573660	0.995704	0.000968	0.003223	0.003696	0.003696	0.991851	0.007538	0.007538	0.984244	0.014390	0.004634	0.980692	0.132141	0.002226	0.862380	0.000799	0.996478	0.002675	0.005934	0.005934	0.987601	0.089161	0.003531	0.903097	0.976771	0.003153	0.020029	0.000239	0.998918	0.000804
125	F3	-	0.655658	0.501644	0.188613	0.308027	0.005677	0.005677	0.987989	0.003827	0.003827	0.991350	0.994214	0.001309	0.004386	0.990837	0.000867	0.008188	0.117274	0.858238	0.019702	0.000799	0.996478	0.002675	0.995412	0.001029	0.003483	0.912532	0.002816	0.077168	0.037830	0.014362	0.947724	0.958037	0.001531	0.037606
126	F3	-	0.350979	0.299117	0.596876	0.103724	0.005301	0.005301	0.987903	0.000632	0.996673	0.002168	0.994214	0.001309	0.004386	0.990837	0.000867	0.008188	0.000708	0.981128	0.017843	0.000799	0.996478	0.002675	0.995412	0.001029	0.003483	0.000424	0.998055	0.001428	0.002606	0.988998	0.008365	0.000239	0.998918	0.000804
127	F3	-	0.465989	0.141991	0.208687	0.647995	0.045813	0.045813	0.906613	0.033769	0.033769	0.931469	0.025846	0.714975	0.258320	0.250150	0.317856	0.427385	0.066146	0.474526	0.457647	0.374798	0.374798	0.249835	0.006024	0.006024	0.987662	0.017663	0.008063	0.972758	0.037830	0.014362	0.947724	0.561872	0.096689	0.340539
128	F3	-	0.356356	0.298203	0.585118	0.116305	0.000931	0.995507	0.003381	0.000635	0.997099	0.002198	0.001310	0.993627	0.004024	0.990837	0.000867	0.008188	0.006654	0.859821	0.132780	0.000723	0.996044	0.002447	0.006028	0.006028	0.987672	0.997961	0.000407	0.001481	0.976771	0.003153	0.020029	0.000183	0.998626	0.000853
129	F3	-	0.500326	0.402252	0.401339	0.196148	0.000931	0.995507	0.003381	0.996668	0.000650	0.002164	0.994214	0.001309	0.004386	0.014390	0.004634	0.980692	0.014194	0.085084	0.899764	0.004882	0.937907	0.056981	0.995412	0.001029	0.003483	0.000424	0.998055	0.001428	0.002606	0.988998	0.008365	0.998800	0.000215	0.000836
130	F3	-	0.550992	0.400236	0.297429	0.301513	0.993933	0.000653	0.001829	0.003827	0.003827	0.991350	0.992364	0.000962	0.006235	0.014390	0.004634	0.980692	0.003594	0.954317	0.041645	0.996478	0.000799	0.002675	0.001029	0.995412	0.003483	0.000353	0.997593	0.001589	0.037830	0.014362	0.947724	0.958559	0.001734	0.037910
131	F3	-	0.653214	0.497275	0.190219	0.311878	0.005301	0.005301	0.987903	0.997099	0.000635	0.002198	0.992642	0.001099	0.005882	0.990837	0.000867	0.008188	0.001692	0.010276	0.987685	0.996478	0.000799	0.002675	0.005855	0.005855	0.987561	0.004087	0.915095	0.078851	0.976771	0.003153	0.020029	0.001991	0.959106	0.037807
132	F3	-	0.663207	0.597092	0.269969	0.132230	0.008299	0.710252	0.276208	0.997099	0.000635	0.002198	0.993624	0.001399	0.004394	0.990837	0.000867	0.008188	0.000708	0.981128	0.017843	0.000723	0.995537	0.003419	0.006098	0.006098	0.987706	0.997961	0.000407	0.001481	0.976771	0.003153	0.020029	0.998800	0.000215	0.000836
133	F3	-	0.481917	0.306516	0.341930	0.350802	0.995704	0.000968	0.003223	0.003891	0.003891	0.992038	0.001309	0.994214	0.004386	0.000804	0.996379	0.002768	0.001714	0.011264	0.986567	0.996478	0.000799	0.002675	0.001029	0.995412	0.003483	0.997961	0.000407	0.001481	0.022929	0.413667	0.558950	0.043343	0.002303	0.952449
134	F3	-	0.620983	0.437948	0.195009	0.366069	0.993933	0.000653	0.001829	0.003891	0.003891	0.992038	0.587413	0.014304	0.397419	0.014390	0.004634	0.980692	0.998718	0.000256	0.000959	0.004569	0.004569	0.990691	0.500902	0.437275	0.060444	0.003816	0.915025	0.078361	0.273051	0.569267	0.157424	0.998800	0.000215	0.000836
135	F3	-	0.255065	0.201631	0.691092	0.106867	0.994751	0.000873	0.003761	0.997099	0.000635	0.002198	0.001309	0.994214	0.004386	0.014248	0.004611	0.980645	0.000357	0.994377	0.005097	0.004681	0.937835	0.056562	0.000685	0.992893	0.005512	0.000424	0.998055	0.001428	0.002606	0.988998	0.008365	0.000153	0.998422	0.000713
136	F3	-	0.610058	0.495924	0.273999	0.228269	0.000931	0.995507	0.003381	0.230487	0.727740	0.031757	0.994214	0.001309	0.004386	0.000804	0.996379	0.002768	0.998718	0.000256	0.000959	0.996478	0.000799	0.002675	0.005855	0.005855	0.987561	0.911390	0.000958	0.081694	0.819114	0.009935	0.170532	0.001248	0.001248	0.996978
137	F3	-	0.449808	0.299777	0.399881	0.300062	0.005495	0.005495	0.987998	0.996245	0.000474	0.002995	0.994214	0.001309	0.004386	0.987539	0.000580	0.011181	0.000357	0.994377	0.005097	0.004566	0.004566	0.990658	0.006098	0.006098	0.987706	0.000424	0.998055	0.001428	0.002606	0.988998	0.008365	0.000226	0.998856	0.000811
138	F3	-	0.360799	0.223433	0.501509	0.274732	0.000931	0.995507	0.003381	0.003696	0.003696	0.991851	0.001309	0.994214	0.004386	0.000804	0.996379	0.002768	0.001714	0.011264	0.986567	0.996044	0.000723	0.002447	0.001029	0.995412	0.003483	0.997961	0.000407	0.001481	0.230660	0.018857	0.750106	0.000183	0.998626	0.000853
139	F3	-	0.542957	0.439607	0.353306	0.206701	0.000765	0.994350	0.004202	0.997099	0.000635	0.002198	0.389311	0.543450	0.065909	0.014248	0.004611	0.980645	0.998468	0.000220	0.001078	0.996478	0.000799	0.002675	0.995412	0.001029	0.003483	0.000393	0.997670	0.001458	0.002606	0.988998	0.008365	0.001293	0.001293	0.996994
140	F3	-	0.401239	0.302599	0.499944	0.197281	0.994751	0.000873	0.003761	0.000635	0.997099	0.002198	0.001309	0.994214	0.004386	0.990837	0.000867	0.008188	0.000357	0.994377	0.005097	0.996478	0.000799	0.002675	0.001029	0.995412	0.003483	0.002522	0.002522	0.994497	0.037830	0.014362	0.947724	0.000239	0.998918	0.000804
141	F3	-	0.494737	0.233974	0.243091	0.521525	0.300245	0.009728	0.681748	0.997099	0.000635	0.002198	0.007538	0.007538	0.984244	0.014390	0.004634	0.980692	0.000357	0.994377	0.005097	0.000723	0.995537	0.003419	0.994072	0.000766	0.004735	0.002522	0.002522	0.994497	0.022792	0.415168	0.561906	0.000000	0.000000	0.996718
142	F3	-	0.455925	0.344466	0.430976	0.222918	0.008299	0.710252	0.276208	0.996673	0.000632	0.002168	0.375639	0.524994	0.090991	0.000804	0.996379	0.002768	0.998718	0.000256	0.000959	0.007397	0.068855	0.923365	0.001029	0.995412	0.003483	0.000353	0.997593	0.001589	0.056947	0.015172	0.926815	0.998800	0.000215	0.000836
143	F3	-	0.486364	0.274426	0.301232	0.423877	0.713221	0.011159	0.274242	0.000635	0.997099	0.002198	0.001309	0.994214	0.004386	0.042524	0.013599	0.942967	0.000708	0.981128	0.017843	0.004569	0.004569	0.990691	0.006098	0.006098	0.987706	0.997423	0.000301	0.001856	0.976771	0.003153	0.020029	0.000998	0.000998	0.996850
144	F3	-	0.593320	0.294196	0.106696	0.598248	0.994751	0.000873	0.003761	0.000635	0.997099	0.002198	0.007623	0.007623	0.984336	0.042524	0.013599	0.942967	0.001692	0.010276	0.987685	0.004542	0.004542	0.990392	0.994932	0.001129	0.003436	0.089161	0.003531	0.903097	0.804811	0.026996	0.167610	0.001293	0.001293	0.996994
145	F3	-	0.535614	0.403268	0.331479	0.264692	0.994662	0.000806	0.004086	0.997099	0.000635	0.002198	0.007548	0.424749	0.564881	0.000587	0.995310	0.003732	0.998718	0.000256	0.000959	0.996478	0.000799	0.002675	0.013082	0.477718	0.508064	0.000424	0.998055	0.001428	0.022792	0.415168	0.561906	0.001293	0.001293	0.996994
146	F3	-	0.477010	0.296267	0.341953	0.361485	0.000931	0.995507	0.003381	0.003693	0.003693	0.991846	0.007742	0.007742	0.984383	0.000804	0.996379	0.002768	0.001714	0.011264	0.986567	0.937907	0.004882	0.056981	0.001029	0.995412	0.003483	0.997680	0.000380	0.001418	0.012368	0.404060	0.583191	0.998800	0.000215	0.000836
147	F3	-	0.653619	0.574404	0.266405	0.158430	0.008299	0.710252	0.276208	0.759064	0.008289	0.231449	0.992642	0.001099	0.005882	0.000804	0.996379	0.002768	0.998718	0.000256	0.000959	0.004882	0.937907	0.056981	0.006098	0.006098	0.987706	0.997961	0.000407	0.001481	0.976771	0.003153	0.020029	0.998800	0.000215	0.000836
148	F3	-	0.351193	0.243953	0.541195	0.214481	0.000931	0.995507	0.003381	0.003693	0.003693	0.991846	0.389311	0.543450	0.065909	0.990837	0.000867	0.008188	0.000357	0.994377	0.005097	0.000799	0.996478	0.002675	0.006028	0.006028	0.987672	0.000424	0.998055	0.001428	0.048629	0.873328	0.077988	0.998518	0.000171	0.000625
149	F3	-	0.521864	0.350895	0.305196	0.341938	0.001047	0.995090	0.003189	0.997099	0.000635	0.002198	0.432864	0.014312	0.548430	0.095933	0.004375	0.896891	0.001692	0.010276	0.987685	0.937835	0.004681	0.056562	0.001029	0.995412	0.003483	0.086781	0.003229	0.900968	0.003158	0.988306	0.008339	0.951514	0.035647	0.011632
150	F3	-	0.694754	0.497729	0.107897	0.394050	0.005677	0.005677	0.987989	0.003747	0.003747	0.991645	0.001309	0.994214	0.004386	0.990837	0.000867	0.008188	0.998468	0.000220	0.001078	0.007153	0.068624	0.923977	0.994072	0.000766	0.004735	0.997961	0.000407	0.001481	0.976771	0.003153	0.020029	0.001293	0.001293	0.996994
151	F3	-	0.521242	0.304250	0.260830	0.433983	0.005301	0.005301	0.987903	0.996673	0.000632	0.002168	0.013891	0.587152	0.397226	0.000804	0.996379	0.002768	0.001714	0.011264	0.986567	0.000799	0.996478	0.002675	0.005855	0.005855	0.987561	0.997961	0.000407	0.001481	0.976771	0.003153	0.020029	0.042730	0.001681	0.951456
152	F3	-	0.570885	0.225689	0.083408	0.690392	0.005495	0.005495	0.987998	0.008289	0.759064	0.231449	0.007366	0.007366	0.984083	0.990837	0.000867	0.008188	0.002253	0.029024	0.968369	0.004569	0.004569	0.990691	0.006098	0.006098	0.987706	0.002522	0.002522	0.994497	0.230660	0.018857	0.750106	0.998800	0.000215	0.000836
153	F3	-	0.621600	0.446918	0.203373	0.349364	0.995704	0.000968	0.003223	0.253808	0.009393	0.735565	0.992642	0.001099	0.005882	0.990837	0.000867	0.008188	0.000357	0.994377	0.005097	0.996478	0.000799	0.002675	0.005934	0.005934	0.987601	0.002522	0.002522	0.994497	0.230660	0.018857	0.750106	0.000239	0.998918	0.000804
154	F3	-	0.343372	0.247591	0.559801	0.191563	0.005495	0.005495	0.987998	0.996668	0.000650	0.002164	0.994214	0.001309	0.004386	0.422308	0.005256	0.565638	0.000357	0.994377	0.005097	0.000790	0.996430	0.002684	0.001029	0.995412	0.003483	0.000314	0.997510	0.001809	0.054585	0.603069	0.341513	0.000151	0.998504	0.000853
155	F3	-	0.674958	0.599412	0.248755	0.151092	0.000765	0.994350	0.004202	0.997099	0.000635	0.002198	0.994214	0.001309	0.004386	0.000804	0.996379	0.002768	0.998718	0.000256	0.000959	0.996044	0.000723	0.002447	0.012123	0.477393	0.506848	0.997961	0.000407	0.001481	0.037830	0.014362	0.947724	0.958559	0.001734	0.037910
156	F3	-	0.709055	0.620956	0.202528	0.176196	0.995461	0.000944	0.003360	0.997099	0.000635	0.002198	0.994214	0.001309	0.004386	0.990837	0.000867	0.008188	0.998468	0.000220	0.001078	0.996478	0.000799	0.002675	0.005855	0.005855	0.987561	0.000251	0.996875	0.001608	0.230660	0.018857	0.750106	0.000239	0.998918	0.000804
157	F3	-	0.505143	0.316726	0.306032	0.376834	0.000765	0.994350	0.004202	0.000650	0.996668	0.002164	0.994214	0.001309	0.004386	0.014390	0.004634	0.980692	0.001883	0.016731	0.981006	0.937907	0.004882	0.056981	0.994932	0.001129	0.003436	0.002522	0.002522	0.994497	0.219813	0.039473	0.740124	0.000183	0.998626	0.000853
158	F3	-	0.445727	0.395068	0.502407	0.101318	0.995460	0.000947	0.003373	0.997099	0.000635	0.002198	0.004340	0.576790	0.412826	0.000804	0.996379	0.002768	0.000708	0.981128	0.017843	0.937835	0.004681	0.056562	0.012123	0.477393	0.506848	0.000353	0.997593	0.001589	0.003158	0.988306	0.008339	0.998800	0.000215	0.000836
159	F3	-	0.691253	0.586307	0.202769	0.209892	0.994751	0.000873	0.003761	0.997099	0.000635	0.002198	0.992642	0.001099	0.005882	0.000337	0.994290	0.003157	0.000000	0.009606	0.986131	0.883398	0.009376	0.106824	0.001029	0.995412	0.003483	0.997423	0.000301	0.001856	0.037830	0.014362	0.947724	0.958559	0.001734	0.037910
160	F3	-	0.446550	0.275541	0.377696	0.342017	0.266055	0.675540	0.055097	0.000632	0.996673	0.002168	0.007538	0.007538	0.984244	0.000528	0.994978	0.003359	0.133966	0.003553	0.857639	0.851210	0.086531	0.054721	0.459692	0.000000	0.513740	0.997961	0.000407	0.001481	0.037830	0.014362	0.947724	0.000000	0.997382	0.000000
161	F3	-	0.496362	0.394572	0.401252	0.203581	0.012373	0.303768	0.681779	0.000495	0.996283	0.002892	0.994214	0.001309	0.004386	0.009827	0.682191	0.307384	0.000708	0.981128	0.017843	0.923442	0.052441	0.023558	0.005855	0.005855	0.987561	0.997680	0.000380	0.001418	0.002606	0.988998	0.008365	0.998518	0.000171	0.000625
162	F3	-	0.319716	0.293598	0.653418	0.052235	0.000931	0.995507	0.003381	0.000635	0.997099	0.002198	0.001399	0.993624	0.004394	0.000783	0.996246	0.002857	0.000608	0.984294	0.014626	0.000723	0.995537	0.003419	0.004655	0.532661	0.458331	0.997961	0.000407	0.001481	0.976771	0.003153	0.020029	0.951514	0.035647	0.011632
163	F3	-	0.549927	0.303811	0.202941	0.492232	0.995704	0.000968	0.003223	0.000474	0.996245	0.002995	0.994214	0.001309	0.004386	0.000000	0.992442	0.000000	0.001692	0.010276	0.987685	0.009058	0.009058	0.981513	0.995412	0.001029	0.003483	0.002428	0.002428	0.994323	0.037830	0.014362	0.947724	0.001293	0.001293	0.996994
164	F3	-	0.619970	0.501596	0.260160	0.236749	0.995704	0.000968	0.003223	0.000617	0.996953	0.002285	0.992642	0.001099	0.005882	0.000000	0.671502	0.318952	0.998718	0.000256	0.000959	0.009042	0.009042	0.981258	0.994932	0.001129	0.003436	0.004087	0.915095	0.078851	0.976771	0.003153	0.020029	0.043446	0.002407	0.952615
165	F3	-	0.576923	0.358305	0.203102	0.437236	0.005495	0.005495	0.987998	0.003812	0.003812	0.991962	0.001309	0.994214	0.004386	0.598979	0.001433	0.393001	0.000730	0.027511	0.967829	0.001599	0.992985	0.005306	0.995412	0.001029	0.003483	0.997961	0.000407	0.001481	0.976771	0.003153	0.020029	0.000982	0.000982	0.996887
166	F3	-	0.655121	0.553047	0.241852	0.204147	0.000931	0.995507	0.003381	0.989760	0.002547	0.007451	0.554806	0.385810	0.051683	0.014390	0.004634	0.980692	0.002253	0.029024	0.968369	0.000799	0.996478	0.002675	0.994004	0.000746	0.004870	0.997961	0.000407	0.001481	0.976771	0.003153	0.020029	0.998800	0.000215	0.000836
167	F3	-	0.477262	0.259900	0.304165	0.434723	0.000931	0.995507	0.003381	0.003693	0.003693	0.991846	0.007538	0.007538	0.984244	0.598979	0.001433	0.393001	0.002253	0.029024	0.968369	0.009058	0.009058	0.981513	0.001029	0.995412	0.003483	0.000232	0.996663	0.000741	0.976771	0.003153	0.020029	0.998518	0.000171	0.000625
168	F3	-	0.565609	0.199813	0.067691	0.731591	0.005677	0.005677	0.987989	0.003891	0.003891	0.992038	0.013891	0.587152	0.397226	0.987539	0.000580	0.011181	0.001692	0.010276	0.987685	0.937907	0.004882	0.056981	0.006098	0.006098	0.987706	0.002522	0.002522	0.994497	0.037830	0.014362	0.947724	0.001087	0.041467	0.952885
169	F3	-	0.597571	0.399071	0.201639	0.396999	0.005495	0.005495	0.987998	0.009393	0.253808	0.735565	0.543450	0.389311	0.065909	0.522898	0.290323	0.174871	0.998718	0.000256	0.000959	0.004569	0.004569	0.990691	0.005855	0.005855	0.987561	0.898932	0.077562	0.017238	0.002606	0.988998	0.008365	0.998800	0.000215	0.000836
170	F3	-	0.523435	0.253796	0.205927	0.539279	0.005301	0.005301	0.987903	0.997099	0.000635	0.002198	0.587413	0.014304	0.397419	0.014390	0.004634	0.980692	0.000730	0.027511	0.967829	0.009058	0.009058	0.981513	0.006098	0.006098	0.987706	0.915025	0.003816	0.078361	0.002606	0.988998	0.008365	0.000239	0.998918	0.000804
171	F3	-	0.391826	0.235404	0.448179	0.312843	0.000931	0.995507	0.003381	0.997099	0.000635	0.002198	0.332736	0.482841	0.154876	0.014390	0.004634	0.980692	0.000000	0.009606	0.986131	0.000799	0.996478	0.002675	0.006098	0.006098	0.987706	0.000314	0.997510	0.001809	0.003158	0.988306	0.008339	0.998518	0.000171	0.000625
172	F3	-	0.304886	0.203819	0.593612	0.202134	0.000765	0.994350	0.004202	0.003747	0.003747	0.991645	0.007623	0.007623	0.984336	0.990837	0.000867	0.008188	0.000357	0.994377	0.005097	0.000799	0.996478	0.002675	0.994932	0.001129	0.003436	0.000314	0.997510	0.001809	0.003158	0.988306	0.008339	0.035662	0.951734	0.011610
173	F3	-	0.548864	0.300441	0.202373	0.496846	0.005677	0.005677	0.987989	0.003891	0.003891	0.992038	0.007742	0.007742	0.984383	0.014390	0.004634	0.980692	0.000357	0.994377	0.005097	0.004542	0.004542	0.990392	0.992893	0.000685	0.005512	0.997961	0.000407	0.001481	0.976771	0.003153	0.020029	0.000183	0.998626	0.000853
174	F3	-	0.590692	0.394989	0.211982	0.391407	0.994751	0.000873	0.003761	0.997099	0.000635	0.002198	0.007538	0.007538	0.984244	0.000000	0.992442	0.000000	0.000730	0.027511	0.967829	0.937907	0.004882	0.056981	0.005934	0.005934	0.987601	0.004527	0.090795	0.902254	0.002606	0.988998	0.008365	0.998800	0.000215	0.000836
175	F3	-	0.536337	0.217539	0.143320	0.637596	0.012373	0.303768	0.681779	0.247735	0.002566	0.744120	0.007623	0.007623	0.984336	0.014390	0.004634	0.980692	0.133966	0.003553	0.857639	0.856640	0.098863	0.043506	0.006098	0.006098	0.987706	0.000353	0.997593	0.001589	0.894923	0.007213	0.097595	0.001293	0.001293	0.996994
176	F3	-	0.625868	0.308322	0.055308	0.635092	0.045813	0.045813	0.906613	0.996245	0.000474	0.002995	0.007742	0.007742	0.984383	0.987539	0.000580	0.011181	0.001692	0.010276	0.987685	0.004486	0.004486	0.989740	0.002616	0.467648	0.522126	0.997961	0.000407	0.001481	0.037830	0.014362	0.947724	0.001293	0.001293	0.996994
177	F3	-	0.459489	0.246598	0.326682	0.425783	0.011282	0.303023	0.680862	0.000635	0.997099	0.002198	0.014304	0.587413	0.397419	0.424470	0.007846	0.567123	0.998545	0.000275	0.001030	0.004542	0.004542	0.990392	0.995412	0.001029	0.003483	0.002428	0.002428	0.994323	0.012368	0.404060	0.583191	0.001991	0.959106	0.037807
178	F3	-	0.519824	0.441142	0.400669	0.157364	0.000936	0.994852	0.003155	0.997099	0.000635	0.002198	0.994214	0.001309	0.004386	0.000756	0.996096	0.002829	0.001306	0.009579	0.986736	0.937887	0.004825	0.056863	0.477393	0.012123	0.506848	0.000424	0.998055	0.001428	0.002606	0.988998	0.008365	0.998800	0.000215	0.000836
179	F3	-	0.600592	0.430437	0.228330	0.340311	0.677706	0.267440	0.052994	0.003891	0.003891	0.992038	0.994214	0.001309	0.004386	0.014390	0.004634	0.980692	0.133966	0.003553	0.857639	0.937907	0.004882	0.056981	0.540888	0.013065	0.444913	0.000424	0.998055	0.001428	0.002183	0.986257	0.011203	0.998800	0.000215	0.000836
180	F3	-	0.267536	0.017243	0.478399	0.500585	0.012373	0.303768	0.681779	0.000635	0.997099	0.002198	0.000000	0.571370	0.404964	0.014248	0.004611	0.980645	0.132141	0.002226	0.862380	0.000799	0.996478	0.002675	0.005934	0.005934	0.987601	0.002405	0.912214	0.078251	0.002606	0.988998	0.008365	0.001293	0.001293	0.996994
181	F3	-	0.504692	0.247813	0.236541	0.513758	0.300245	0.009728	0.681748	0.003827	0.003827	0.991350	0.993624	0.001399	0.004394	0.615075	0.006267	0.371612	0.000708	0.981128	0.017843	0.004542	0.004542	0.990392	0.001029	0.995412	0.003483	0.002522	0.002522	0.994497	0.555265	0.359286	0.085269	0.001293	0.001293	0.996994
182	F3	-	0.252062	0.104596	0.600328	0.294934	0.000931	0.995507	0.003381	0.000635	0.997099	0.002198	0.994214	0.001309	0.004386	0.000804	0.996379	0.002768	0.000357	0.994377	0.005097	0.007394	0.007394	0.984999	0.001029	0.995412	0.003483	0.002522	0.002522	0.994497	0.037830	0.014362	0.947724	0.000239	0.998918	0.000804
183	F3	-	0.362218	0.291875	0.566152	0.140685	0.000936	0.994852	0.003155	0.008289	0.759064	0.231449	0.994214	0.001309	0.004386	0.616067	0.006559	0.376722	0.000357	0.994377	0.005097	0.996478	0.000799	0.002675	0.000746	0.994004	0.004870	0.070856	0.893197	0.027539	0.230660	0.018857	0.750106	0.000151	0.998504	0.000853
184	F3	-	0.561172	0.482392	0.359639	0.157561	0.005301	0.005301	0.987903	0.000635	0.997099	0.002198	0.014304	0.587413	0.397419	0.990837	0.000867	0.008188	0.998545	0.000275	0.001030	0.996478	0.000799	0.002675	0.001029	0.995412	0.003483	0.997433	0.000366	0.001377	0.819114	0.009935	0.170532	0.000239	0.998918	0.000804
185	F3	-	0.548972	0.398920	0.300536	0.300104	0.993277	0.000585	0.003771	0.997099	0.000635	0.002198	0.007742	0.007742	0.984383	0.987539	0.000580	0.011181	0.001714	0.011264	0.986567	0.996478	0.000799	0.002675	0.001029	0.995412	0.003483	0.000424	0.998055	0.001428	0.002606	0.988998	0.008365	0.001293	0.001293	0.996994
186	F3	-	0.698046	0.504158	0.104090	0.387775	0.000931	0.995507	0.003381	0.996245	0.000474	0.002995	0.007742	0.007742	0.984383	0.598979	0.001433	0.393001	0.000730	0.027511	0.967829	0.004542	0.004542	0.990392	0.459692	0.000000	0.513740	0.997433	0.000366	0.001377	0.976771	0.003153	0.020029	0.998518	0.000171	0.000625
187	F3	-	0.400986	0.399461	0.597364	0.003051	0.000931	0.995507	0.003381	0.000635	0.997099	0.002198	0.994214	0.001309	0.004386	0.000804	0.996379	0.002768	0.998718	0.000256	0.000959	0.996478	0.000799	0.002675	0.001029	0.995412	0.003483	0.000393	0.997670	0.001458	0.002606	0.988998	0.008365	0.998800	0.000215	0.000836
188	F3	-	0.400782	0.300888	0.498565	0.199789	0.993277	0.000585	0.003771	0.003696	0.003696	0.991851	0.001309	0.994214	0.004386	0.014390	0.004634	0.980692	0.996929	0.000000	0.000000	0.000799	0.996478	0.002675	0.995412	0.001029	0.003483	0.000314	0.997510	0.001809	0.002606	0.988998	0.008365	0.000151	0.998504	0.000853
189	F3	-	0.570563	0.467608	0.325513	0.205910	0.677706	0.267440	0.052994	0.003891	0.003891	0.992038	0.001309	0.994214	0.004386	0.000417	0.994812	0.003910	0.996173	0.000000	0.000000	0.004569	0.004569	0.990691	0.994004	0.000746	0.004870	0.996610	0.000251	0.001005	0.002606	0.988998	0.008365	0.998800	0.000215	0.000836
190	F3	-	0.401963	0.202963	0.398583	0.398000	0.000931	0.995507	0.003381	0.003696	0.003696	0.991851	0.000962	0.992364	0.006235	0.000804	0.996379	0.002768	0.000608	0.984294	0.014626	0.004569	0.004569	0.990691	0.995412	0.001029	0.003483	0.002428	0.002428	0.994323	0.976771	0.003153	0.020029	0.043446	0.002407	0.952615
191	F3	-	0.145960	0.045852	0.753443	0.200214	0.005677	0.005677	0.987989	0.000635	0.997099	0.002198	0.389311	0.543450	0.065909	0.000827	0.996015	0.002633	0.000357	0.994377	0.005097	0.052441	0.923442	0.023558	0.001029	0.995412	0.003483	0.005401	0.091042	0.902109	0.002606	0.988998	0.008365	0.000239	0.998918	0.000804
192	F3	-	0.525569	0.307927	0.256310	0.435285	0.000931	0.995507	0.003381	0.003696	0.003696	0.991851	0.007742	0.007742	0.984383	0.000804	0.996379	0.002768	0.998718	0.000256	0.000959	0.996044	0.000723	0.002447	0.013065	0.540888	0.444913	0.002522	0.002522	0.994497	0.056947	0.015172	0.926815	0.998800	0.000215	0.000836
193	F3	-	0.594268	0.398620	0.209393	0.391296	0.994662	0.000806	0.004086	0.003696	0.003696	0.991851	0.994214	0.001309	0.004386	0.000417	0.994812	0.003910	0.998718	0.000256	0.000959	0.937887	0.004825	0.056863	0.006028	0.006028	0.987672	0.004527	0.090795	0.902254	0.002606	0.988998	0.008365	0.043446	0.002407	0.952615
194	F3	-	0.399019	0.298011	0.499363	0.202017	0.000931	0.995507	0.003381	0.997099	0.000635	0.002198	0.001309	0.994214	0.004386	0.000804	0.996379	0.002768	0.000000	0.009606	0.986131	0.000799	0.996478	0.002675	0.001074	0.994916	0.003271	0.002522	0.002522	0.994497	0.976771	0.003153	0.020029	0.998800	0.000215	0.000836
195	F3	-	0.406021	0.315318	0.502552	0.181405	0.001047	0.995090	0.003189	0.996245	0.000474	0.002995	0.994214	0.001309	0.004386	0.616067	0.006559	0.376722	0.000730	0.027511	0.967829	0.000723	0.995537	0.003419	0.540888	0.013065	0.444913	0.000424	0.998055	0.001428	0.002606	0.988998	0.008365	0.000239	0.998918	0.000804
196	F3	-	0.349617	0.122459	0.421031	0.454317	0.000931	0.995507	0.003381	0.003827	0.003827	0.991350	0.000962	0.992364	0.006235	0.282088	0.628257	0.072671	0.002253	0.029024	0.968369	0.004519	0.065645	0.929227	0.005934	0.005934	0.987601	0.901043	0.075664	0.021626	0.022792	0.415168	0.561906	0.000239	0.998918	0.000804
197	F3	-	0.452643	0.308944	0.401296	0.287400	0.303023	0.011282	0.680862	0.751677	0.005831	0.228390	0.001309	0.994214	0.004386	0.038334	0.004908	0.955584	0.001306	0.009579	0.986736	0.996478	0.000799	0.002675	0.994072	0.000766	0.004735	0.000393	0.997670	0.001458	0.002606	0.988998	0.008365	0.000239	0.998918	0.000804
198	F3	-	0.427929	0.301052	0.443774	0.253756	0.005677	0.005677	0.987989	0.000450	0.995116	0.001801	0.015520	0.433369	0.550358	0.000000	0.991426	0.000000	0.998718	0.000256	0.000959	0.014589	0.014589	0.970323	0.001129	0.994932	0.003436	0.997423	0.000301	0.001856	0.976771	0.003153	0.020029	0.000239	0.998918	0.000804
199	F3	-	0.677159	0.523267	0.165368	0.307783	0.005495	0.005495	0.987998	0.000650	0.996668	0.002164	0.007660	0.007660	0.984327	0.282088	0.628257	0.072671	0.125215	0.000000	0.860567	0.883398	0.009376	0.106824	0.995412	0.001029	0.003483	0.997423	0.000301	0.001856	0.976771	0.003153	0.020029	0.958559	0.001734	0.037910
200	F3	-	0.400362	0.298964	0.497934	0.202797	0.000765	0.994350	0.004202	0.003696	0.003696	0.991851	0.993957	0.001290	0.004579	0.014248	0.004611	0.980645	0.000708	0.981128	0.017843	0.000799	0.996478	0.002675	0.001029	0.995412	0.003483	0.997423	0.000301	0.001856	0.976771	0.003153	0.020029	0.000239	0.998918	0.000804
201	F3	-	0.596470	0.322525	0.126662	0.547889	0.009728	0.300245	0.681748	0.997099	0.000635	0.002198	0.013891	0.587152	0.397226	0.013727	0.320112	0.654763	0.867427	0.028207	0.102487	0.996478	0.000799	0.002675	0.006098	0.006098	0.987706	0.089161	0.003531	0.903097	0.230660	0.018857	0.750106	0.000982	0.000982	0.996887
202	F3	-	0.644989	0.507243	0.215289	0.275492	0.005301	0.005301	0.987903	0.997099	0.000635	0.002198	0.587413	0.014304	0.397419	0.020543	0.608555	0.369882	0.998545	0.000275	0.001030	0.995537	0.000723	0.003419	0.432021	0.509698	0.043011	0.997961	0.000407	0.001481	0.037830	0.014362	0.947724	0.000183	0.998626	0.000853
203	F3	-	0.472370	0.300007	0.354597	0.344726	0.005495	0.005495	0.987998	0.000635	0.997099	0.002198	0.007366	0.007366	0.984083	0.990837	0.000867	0.008188	0.998468	0.000220	0.001078	0.937835	0.004681	0.056562	0.013065	0.540888	0.444913	0.000424	0.998055	0.001428	0.002606	0.988998	0.008365	0.043343	0.002303	0.952449
204	F3	-	0.496573	0.417434	0.422274	0.158277	0.000931	0.995507	0.003381	0.759064	0.008289	0.231449	0.993627	0.001310	0.004024	0.009827	0.682191	0.307384	0.002253	0.029024	0.968369	0.000799	0.996478	0.002675	0.432021	0.509698	0.043011	0.000251	0.996875	0.001608	0.976771	0.003153	0.020029	0.998800	0.000215	0.000836
205	F3	-	0.495482	0.202412	0.210789	0.586141	0.005677	0.005677	0.987989	0.003827	0.003827	0.991350	0.007623	0.007623	0.984336	0.990837	0.000867	0.008188	0.000730	0.027511	0.967829	0.007494	0.069021	0.923379	0.006098	0.006098	0.987706	0.000424	0.998055	0.001428	0.002606	0.988998	0.008365	0.998800	0.000215	0.000836
206	F3	-	0.692050	0.489155	0.104790	0.405789	0.000931	0.995507	0.003381	0.997099	0.000635	0.002198	0.007742	0.007742	0.984383	0.990837	0.000867	0.008188	0.002253	0.029024	0.968369	0.004569	0.004569	0.990691	0.994072	0.000766	0.004735	0.997961	0.000407	0.001481	0.894923	0.007213	0.097595	0.001165	0.001165	0.996873
207	F3	-	0.322764	0.195672	0.546431	0.254185	0.000931	0.995507	0.003381	0.997099	0.000635	0.002198	0.433369	0.015520	0.550358	0.042524	0.013599	0.942967	0.002253	0.029024	0.968369	0.051775	0.923286	0.023659	0.425511	0.500831	0.040315	0.000424	0.998055	0.001428	0.002606	0.988998	0.008365	0.000226	0.998856	0.000811
208	F3	-	0.549522	0.498301	0.399050	0.102442	0.000931	0.995507	0.003381	0.997099	0.000635	0.002198	0.001309	0.994214	0.004386	0.014390	0.004634	0.980692	0.000357	0.994377	0.005097	0.000799	0.996478	0.002675	0.995412	0.001029	0.003483	0.997423	0.000301	0.001856	0.976771	0.003153	0.020029	0.998518	0.000171	0.000625
209	F3	-	0.620514	0.450330	0.207820	0.340367	0.001047	0.995090	0.003189	0.253266	0.008015	0.734816	0.993957	0.001290	0.004579	0.354190	0.014410	0.630482	0.131389	0.002107	0.858353	0.000799	0.996478	0.002675	0.995208	0.001006	0.003631	0.997961	0.000407	0.001481	0.774240	0.058152	0.167482	0.001248	0.001248	0.996978
210	F3	-	0.425525	0.299122	0.447402	0.252806	0.005695	0.005695	0.987900	0.997099	0.000635	0.002198	0.001309	0.994214	0.004386	0.014390	0.004634	0.980692	0.998468	0.000220	0.001078	0.923442	0.052441	0.023558	0.012123	0.477393	0.506848	0.000424	0.998055	0.001428	0.002606	0.988998	0.008365	0.035662	0.951734	0.011610
211	F3	-	0.377150	0.198874	0.442958	0.356552	0.000931	0.995507	0.003381	0.000474	0.996245	0.002995	0.001099	0.992642	0.005882	0.000000	0.991426	0.000000	0.000730	0.027511	0.967829	0.995537	0.000723	0.003419	0.006098	0.006098	0.987706	0.002522	0.002522	0.994497	0.022792	0.415168	0.561906	0.958559	0.001734	0.037910
212	F3	-	0.558171	0.369525	0.252128	0.377292	0.677706	0.267440	0.052994	0.003891	0.003891	0.992038	0.994214	0.001309	0.004386	0.035004	0.331039	0.632824	0.998718	0.000256	0.000959	0.000723	0.995537	0.003419	0.006098	0.006098	0.987706	0.000958	0.911390	0.081694	0.976771	0.003153	0.020029	0.001165	0.001165	0.996873
213	F3	-	0.378435	0.204078	0.446766	0.348714	0.000931	0.995507	0.003381	0.003827	0.003827	0.991350	0.000862	0.991087	0.006943	0.014390	0.004634	0.980692	0.998468	0.000220	0.001078	0.007394	0.007394	0.984999	0.013082	0.477718	0.508064	0.000424	0.998055	0.001428	0.002606	0.988998	0.008365	0.998800	0.000215	0.000836
214	F3	-	0.586919	0.481031	0.306336	0.211777	0.995704	0.000968	0.003223	0.997099	0.000635	0.002198	0.994214	0.001309	0.004386	0.000417	0.994812	0.003910	0.001306	0.009579	0.986736	0.920254	0.046770	0.029714	0.005855	0.005855	0.987561	0.000353	0.997593	0.001589	0.894923	0.007213	0.097595	0.000183	0.998626	0.000853
215	F3	-	0.511507	0.356729	0.332921	0.309556	0.005495	0.005495	0.987998	0.994965	0.000421	0.003396	0.007742	0.007742	0.984383	0.000417	0.994812	0.003910	0.000730	0.027511	0.967829	0.004882	0.937907	0.056981	0.001029	0.995412	0.003483	0.997961	0.000407	0.001481	0.555265	0.359286	0.085269	0.998800	0.000215	0.000836
216	F3	-	0.539868	0.396239	0.312918	0.287259	0.005677	0.005677	0.987989	0.253266	0.008015	0.734816	0.994214	0.001309	0.004386	0.000337	0.994290	0.003157	0.855520	0.049882	0.079582	0.851210	0.086531	0.054721	0.000584	0.992802	0.001164	0.997680	0.000380	0.001418	0.002606	0.988998	0.008365	0.001293	0.001293	0.996994
217	F3	-	0.771064	0.685657	0.142425	0.170815	0.000936	0.994852	0.003155	0.997099	0.000635	0.002198	0.994214	0.001309	0.004386	0.035004	0.331039	0.632824	0.998718	0.000256	0.000959	0.851210	0.086531	0.054721	0.005855	0.005855	0.987561	0.997961	0.000407	0.001481	0.976771	0.003153	0.020029	0.998800	0.000215	0.000836
218	F3	-	0.523138	0.256863	0.209385	0.532550	0.000931	0.995507	0.003381	0.003827	0.003827	0.991350	0.001099	0.992642	0.005882	0.598979	0.001433	0.393001	0.001692	0.010276	0.987685	0.004519	0.065645	0.929227	0.005855	0.005855	0.987561	0.915095	0.004087	0.078851	0.037830	0.014362	0.947724	0.998800	0.000215	0.000836
219	F3	-	0.441915	0.337547	0.452813	0.208736	0.000931	0.995507	0.003381	0.997099	0.000635	0.002198	0.373506	0.532526	0.086779	0.000804	0.996379	0.002768	0.001692	0.010276	0.987685	0.004569	0.004569	0.990691	0.995412	0.001029	0.003483	0.000424	0.998055	0.001428	0.002606	0.988998	0.008365	0.998430	0.000159	0.000582
220	F3	-	0.565977	0.435943	0.302364	0.260068	0.001047	0.995090	0.003189	0.996283	0.000495	0.002892	0.428924	0.014725	0.546518	0.000417	0.994812	0.003910	0.001714	0.011264	0.986567	0.000799	0.996478	0.002675	0.994932	0.001129	0.003436	0.915095	0.004087	0.078851	0.976771	0.003153	0.020029	0.043446	0.002407	0.952615
221	F3	-	0.346195	0.198482	0.505709	0.295426	0.000931	0.995507	0.003381	0.996668	0.000650	0.002164	0.001309	0.994214	0.004386	0.014390	0.004634	0.980692	0.001692	0.010276	0.987685	0.007494	0.069021	0.923379	0.000746	0.994004	0.004870	0.000424	0.998055	0.001428	0.002606	0.988998	0.008365	0.958559	0.001734	0.037910
222	F3	-	0.705669	0.680196	0.268088	0.050947	0.266055	0.675540	0.055097	0.996283	0.000495	0.002892	0.994214	0.001309	0.004386	0.616067	0.006559	0.376722	0.000357	0.994377	0.005097	0.000799	0.996478	0.002675	0.995412	0.001029	0.003483	0.997961	0.000407	0.001481	0.976771	0.003153	0.020029	0.958037	0.001531	0.037606
223	F3	-	0.414654	0.230422	0.399999	0.368464	0.300245	0.009728	0.681748	0.003693	0.003693	0.991846	0.994214	0.001309	0.004386	0.000587	0.995310	0.003732	0.000357	0.994377	0.005097	0.004569	0.004569	0.990691	0.995412	0.001029	0.003483	0.002350	0.002350	0.994439	0.002606	0.988998	0.008365	0.000183	0.998626	0.000853
224	F3	-	0.324017	0.298952	0.650655	0.050130	0.000765	0.994350	0.004202	0.997099	0.000635	0.002198	0.001309	0.994214	0.004386	0.000804	0.996379	0.002768	0.000708	0.981128	0.017843	0.000799	0.996478	0.002675	0.013065	0.540888	0.444913	0.997961	0.000407	0.001481	0.976771	0.003153	0.020029	0.000239	0.998918	0.000804
225	F3	-	0.488442	0.276072	0.298238	0.424740	0.000931	0.995507	0.003381	0.253266	0.008015	0.734816	0.587413	0.014304	0.397419	0.014390	0.004634	0.980692	0.001306	0.009579	0.986736	0.004882	0.937907	0.056981	0.005934	0.005934	0.987601	0.997433	0.000366	0.001377	0.894923	0.007213	0.097595	0.000239	0.998918	0.000804
226	F3	-	0.453004	0.355326	0.448562	0.195355	0.000931	0.995507	0.003381	0.997099	0.000635	0.002198	0.992364	0.000962	0.006235	0.616067	0.006559	0.376722	0.002253	0.029024	0.968369	0.920254	0.046770	0.029714	0.001029	0.995412	0.003483	0.000232	0.996663	0.000741	0.022792	0.415168	0.561906	0.000239	0.998918	0.000804
227	F3	-	0.518114	0.241410	0.203993	0.553407	0.303023	0.011282	0.680862	0.003891	0.003891	0.992038	0.994214	0.001309	0.004386	0.042524	0.013599	0.942967	0.001692	0.010276	0.987685	0.000799	0.996478	0.002675	0.001029	0.995412	0.003483	0.089161	0.003531	0.903097	0.976771	0.003153	0.020029	0.000998	0.000998	0.996850
228	F3	-	0.645767	0.593436	0.301014	0.104662	0.994751	0.000873	0.003761	0.996283	0.000495	0.002892	0.001309	0.994214	0.004386	0.000804	0.996379	0.002768	0.998718	0.000256	0.000959	0.996478	0.000799	0.002675	0.995412	0.001029	0.003483	0.912532	0.002816	0.077168	0.037830	0.014362	0.947724	0.000239	0.998918	0.000804
229	F3	-	0.406220	0.265589	0.451154	0.281261	0.000931	0.995507	0.003381	0.997099	0.000635	0.002198	0.007742	0.007742	0.984383	0.598979	0.001433	0.393001	0.000357	0.994377	0.005097	0.937887	0.004825	0.056863	0.001029	0.995412	0.003483	0.000000	0.910028	0.079176	0.110703	0.600413	0.288158	0.001165	0.001165	0.996873
230	F3	-	0.502610	0.339345	0.333018	0.326529	0.012373	0.303768	0.681779	0.003693	0.003693	0.991846	0.988631	0.000975	0.003914	0.354190	0.014410	0.630482	0.998639	0.000252	0.000994	0.996478	0.000799	0.002675	0.001029	0.995412	0.003483	0.000353	0.997593	0.001589	0.037830	0.014362	0.947724	0.000239	0.998918	0.000804
231	F3	-	0.334742	0.268999	0.599043	0.131484	0.712674	0.010442	0.273916	0.000635	0.997099	0.002198	0.994214	0.001309	0.004386	0.000804	0.996379	0.002768	0.000477	0.989750	0.009517	0.000723	0.995537	0.003419	0.001029	0.995412	0.003483	0.002428	0.002428	0.994323	0.976771	0.003153	0.020029	0.000239	0.998918	0.000804
232	F3	-	0.617535	0.465416	0.229648	0.304239	0.994662	0.000806	0.004086	0.000635	0.997099	0.002198	0.007366	0.007366	0.984083	0.616067	0.006559	0.376722	0.998545	0.000275	0.001030	0.004519	0.065645	0.929227	0.994932	0.001129	0.003436	0.997961	0.000407	0.001481	0.039473	0.219813	0.740124	0.000000	0.997382	0.000000
233	F3	-	0.649382	0.598208	0.299155	0.102347	0.994751	0.000873	0.003761	0.997099	0.000635	0.002198	0.993627	0.001310	0.004024	0.000804	0.996379	0.002768	0.998718	0.000256	0.000959	0.996478	0.000799	0.002675	0.995412	0.001029	0.003483	0.002350	0.002350	0.994439	0.002606	0.988998	0.008365	0.000239	0.998918	0.000804
234	F3	-	0.681590	0.600069	0.235455	0.163042	0.994662	0.000806	0.004086	0.000635	0.997099	0.002198	0.001309	0.994214	0.004386	0.036406	0.327804	0.622884	0.002253	0.029024	0.968369	0.996478	0.000799	0.002675	0.995412	0.001029	0.003483	0.997961	0.000407	0.001481	0.976771	0.003153	0.020029	0.998800	0.000215	0.000836
235	F3	-	0.455920	0.314714	0.402111	0.282413	0.005495	0.005495	0.987998	0.758012	0.007285	0.230361	0.994214	0.001309	0.004386	0.354190	0.014410	0.630482	0.000608	0.984294	0.014626	0.000799	0.996478	0.002675	0.995412	0.001029	0.003483	0.000353	0.997593	0.001589	0.037830	0.014362	0.947724	0.000226	0.998856	0.000811
236	F3	-	0.669419	0.598720	0.259525	0.141399	0.995460	0.000947	0.003373	0.996673	0.000632	0.002168	0.994214	0.001309	0.004386	0.014390	0.004634	0.980692	0.000708	0.981128	0.017843	0.937907	0.004882	0.056981	0.994072	0.000766	0.004735	0.000393	0.997670	0.001458	0.054585	0.603069	0.341513	0.998800	0.000215	0.000836
237	F3	-	0.247258	0.192826	0.697927	0.108863	0.000931	0.995507	0.003381	0.000635	0.997099	0.002198	0.007742	0.007742	0.984383	0.000804	0.996379	0.002768	0.998718	0.000256	0.000959	0.000799	0.996478	0.002675	0.000766	0.994072	0.004735	0.915025	0.003816	0.078361	0.002606	0.988998	0.008365	0.000239	0.998918	0.000804
238	F3	-	0.796375	0.601905	0.008415	0.388941	0.994662	0.000806	0.004086	0.996245	0.000474	0.002995	0.994214	0.001309	0.004386	0.014248	0.004611	0.980645	0.002253	0.029024	0.968369	0.004569	0.004569	0.990691	0.995412	0.001029	0.003483	0.089161	0.003531	0.903097	0.976771	0.003153	0.020029	0.951514	0.035647	0.011632
239	F3	-	0.453462	0.051207	0.140916	0.804511	0.005677	0.005677	0.987989	0.003891	0.003891	0.992038	0.007742	0.007742	0.984383	0.014390	0.004634	0.980692	0.000000	0.974848	0.021149	0.004569	0.004569	0.990691	0.459692	0.000000	0.513740	0.002445	0.002445	0.994242	0.012368	0.404060	0.583191	0.001293	0.001293	0.996994
240	F3	-	0.601434	0.403202	0.199459	0.396464	0.005495	0.005495	0.987998	0.000632	0.996673	0.002168	0.993624	0.001399	0.004394	0.014390	0.004634	0.980692	0.000000	0.974848	0.021149	0.004569	0.004569	0.990691	0.995412	0.001029	0.003483	0.997680	0.000380	0.001418	0.976771	0.003153	0.020029	0.043446	0.002407	0.952615
241	F3	-	0.649177	0.471621	0.172736	0.355113	0.005495	0.005495	0.987998	0.731462	0.225086	0.042052	0.994214	0.001309	0.004386	0.990837	0.000867	0.008188	0.001692	0.010276	0.987685	0.004542	0.004542	0.990392	0.013082	0.477718	0.508064	0.997961	0.000407	0.001481	0.976771	0.003153	0.020029	0.000151	0.998504	0.000853
242	F3	-	0.551276	0.498946	0.396193	0.104661	0.000765	0.994350	0.004202	0.997099	0.000635	0.002198	0.001099	0.992642	0.005882	0.990837	0.000867	0.008188	0.998718	0.000256	0.000959	0.996478	0.000799	0.002675	0.995412	0.001029	0.003483	0.000424	0.998055	0.001428	0.007334	0.972001	0.020603	0.001293	0.001293	0.996994
243	F3	-	0.422700	0.344098	0.497589	0.157203	0.001047	0.995090	0.003189	0.000421	0.994965	0.003396	0.001309	0.994214	0.004386	0.990837	0.000867	0.008188	0.000708	0.981128	0.017843	0.004569	0.004569	0.990691	0.467648	0.002616	0.522126	0.997433	0.000366	0.001377	0.976771	0.003153	0.020029	0.000239	0.998918	0.000804
244	F3	-	0.369395	0.299470	0.560442	0.139848	0.014003	0.928281	0.057188	0.000635	0.997099	0.002198	0.994214	0.001309	0.004386	0.009827	0.682191	0.307384	0.000357	0.994377	0.005097	0.000723	0.995537	0.003419	0.995412	0.001029	0.003483	0.002522	0.002522	0.994497	0.976771	0.003153	0.020029	0.000239	0.998918	0.000804
245	F3	-	0.613112	0.527627	0.300838	0.170970	0.303768	0.012373	0.681779	0.003891	0.003891	0.992038	0.001399	0.993624	0.004394	0.000804	0.996379	0.002768	0.998718	0.000256	0.000959	0.996478	0.000799	0.002675	0.995412	0.001029	0.003483	0.000232	0.996663	0.000741	0.976771	0.003153	0.020029	0.998800	0.000215	0.000836
246	F3	-	0.697259	0.596203	0.201108	0.202111	0.993933	0.000653	0.001829	0.003693	0.003693	0.991846	0.007742	0.007742	0.984383	0.990837	0.000867	0.008188	0.000357	0.994377	0.005097	0.996478	0.000799	0.002675	0.994072	0.000766	0.004735	0.997961	0.000407	0.001481	0.976771	0.003153	0.020029	0.000183	0.998626	0.000853
247	F3	-	0.629023	0.558506	0.300266	0.141034	0.995704	0.000968	0.003223	0.003891	0.003891	0.992038	0.994214	0.001309	0.004386	0.616067	0.006559	0.376722	0.000357	0.994377	0.005097	0.000799	0.996478	0.002675	0.001029	0.995412	0.003483	0.997423	0.000301	0.001856	0.976771	0.003153	0.020029	0.998800	0.000215	0.000836
248	F3	-	0.812056	0.727842	0.103166	0.168428	0.713221	0.011159	0.274242	0.996283	0.000495	0.002892	0.587413	0.014304	0.397419	0.014390	0.004634	0.980692	0.998468	0.000220	0.001078	0.000723	0.996044	0.002447	0.994916	0.001074	0.003271	0.997433	0.000366	0.001377	0.976771	0.003153	0.020029	0.998800	0.000215	0.000836
249	F3	-	0.488157	0.334052	0.357462	0.308212	0.994662	0.000806	0.004086	0.000635	0.997099	0.002198	0.007538	0.007538	0.984244	0.000587	0.995310	0.003732	0.000357	0.994377	0.005097	0.069021	0.007494	0.923379	0.995412	0.001029	0.003483	0.997961	0.000407	0.001481	0.273051	0.569267	0.157424	0.001293	0.001293	0.996994
250	F3	-	0.598893	0.497462	0.299203	0.202862	0.005677	0.005677	0.987989	0.003696	0.003696	0.991851	0.001309	0.994214	0.004386	0.973304	0.002813	0.023523	0.000357	0.994377	0.005097	0.996478	0.000799	0.002675	0.995412	0.001029	0.003483	0.996976	0.000210	0.000419	0.002606	0.988998	0.008365	0.998800	0.000215	0.000836
251	F3	-	0.501051	0.206576	0.204038	0.588951	0.005301	0.005301	0.987903	0.003891	0.003891	0.992038	0.007623	0.007623	0.984336	0.973304	0.002813	0.023523	0.002253	0.029024	0.968369	0.069021	0.007494	0.923379	0.001029	0.995412	0.003483	0.002350	0.002350	0.994439	0.002183	0.986257	0.011203	0.998800	0.000215	0.000836
252	F3	-	0.272625	0.145543	0.599634	0.254164	0.000931	0.995507	0.003381	0.003827	0.003827	0.991350	0.432864	0.014312	0.548430	0.014248	0.004611	0.980645	0.998468	0.000220	0.001078	0.000799	0.996478	0.002675	0.001029	0.995412	0.003483	0.000424	0.998055	0.001428	0.002606	0.988998	0.008365	0.000239	0.998918	0.000804
253	F3	-	0.652752	0.409680	0.103853	0.486144	0.005695	0.005695	0.987900	0.996953	0.000617	0.002285	0.992642	0.001099	0.005882	0.990837	0.000867	0.008188	0.001692	0.010276	0.987685	0.069021	0.007494	0.923379	0.001029	0.995412	0.003483	0.002522	0.002522	0.994497	0.037830	0.014362	0.947724	0.998582	0.000189	0.000419
254	F3	-	0.557340	0.501870	0.386253	0.110939	0.995101	0.001007	0.003317	0.997099	0.000635	0.002198	0.994214	0.001309	0.004386	0.990837	0.000867	0.008188	0.000357	0.994377	0.005097	0.004882	0.937907	0.056981	0.995412	0.001029	0.003483	0.002816	0.912532	0.077168	0.037830	0.014362	0.947724	0.000151	0.998504	0.000853
255	F3	-	0.162052	0.102223	0.777896	0.119657	0.000931	0.995507	0.003381	0.997099	0.000635	0.002198	0.007623	0.007623	0.984336	0.000804	0.996379	0.002768	0.006654	0.859821	0.132780	0.004882	0.937907	0.056981	0.001029	0.995412	0.003483	0.000424	0.998055	0.001428	0.002606	0.988998	0.008365	0.000183	0.998626	0.000853
256	F3	-	0.496840	0.231548	0.236564	0.530583	0.005677	0.005677	0.987989	0.751530	0.002071	0.240573	0.007538	0.007538	0.984244	0.000587	0.995310	0.003732	0.001714	0.011264	0.986567	0.000799	0.996478	0.002675	0.005855	0.005855	0.987561	0.997961	0.000407	0.001481	0.542575	0.339794	0.114034	0.001248	0.001248	0.996978
257	F3	-	0.353347	0.206935	0.499492	0.292824	0.000765	0.994350	0.004202	0.996283	0.000495	0.002892	0.001309	0.994214	0.004386	0.000804	0.996379	0.002768	0.001714	0.011264	0.986567	0.000799	0.996478	0.002675	0.000766	0.994072	0.004735	0.089161	0.003531	0.903097	0.976771	0.003153	0.020029	0.000982	0.000982	0.996887
258	F3	-	0.648965	0.596782	0.298641	0.104366	0.005677	0.005677	0.987989	0.996673	0.000632	0.002168	0.994214	0.001309	0.004386	0.000804	0.996379	0.002768	0.000708	0.981128	0.017843	0.000799	0.996478	0.002675	0.995412	0.001029	0.003483	0.997961	0.000407	0.001481	0.976771	0.003153	0.020029	0.998800	0.000215	0.000836
259	F3	-	0.731132	0.689932	0.226422	0.082400	0.008299	0.710252	0.276208	0.996673	0.000632	0.002168	0.994214	0.001309	0.004386	0.942258	0.001590	0.055895	0.989243	0.002492	0.008090	0.982269	0.005902	0.011568	0.011446	0.539855	0.443322	0.997961	0.000407	0.001481	0.976771	0.003153	0.020029	0.000183	0.998626	0.000853
260	F3	-	0.522227	0.307117	0.262328	0.430222	0.000931	0.995507	0.003381	0.003891	0.003891	0.992038	0.994214	0.001309	0.004386	0.014248	0.004611	0.980645	0.001692	0.010276	0.987685	0.996478	0.000799	0.002675	0.005934	0.005934	0.987601	0.000393	0.997670	0.001458	0.054585	0.603069	0.341513	0.998800	0.000215	0.000836
261	F3	-	0.659668	0.597984	0.277938	0.123369	0.993933	0.000653	0.001829	0.008289	0.759064	0.231449	0.992364	0.000962	0.006235	0.990837	0.000867	0.008188	0.002253	0.029024	0.968369	0.996478	0.000799	0.002675	0.994072	0.000766	0.004735	0.000424	0.998055	0.001428	0.002606	0.988998	0.008365	0.998582	0.000189	0.000419
262	F3	-	0.500751	0.398649	0.396835	0.204203	0.995704	0.000968	0.003223	0.996245	0.000474	0.002995	0.991087	0.000862	0.006943	0.990837	0.000867	0.008188	0.000708	0.981128	0.017843	0.000799	0.996478	0.002675	0.006098	0.006098	0.987706	0.001539	0.993921	0.004263	0.002183	0.986257	0.011203	0.001293	0.001293	0.996994
263	F3	-	0.549940	0.400061	0.299963	0.299758	0.000931	0.995507	0.003381	0.003812	0.003812	0.991962	0.994214	0.001309	0.004386	0.990527	0.000820	0.007913	0.998639	0.000252	0.000994	0.004561	0.004561	0.990607	0.006098	0.006098	0.987706	0.000424	0.998055	0.001428	0.002606	0.988998	0.008365	0.998800	0.000215	0.000836
264	F3	-	0.425354	0.265657	0.413770	0.319394	0.995704	0.000968	0.003223	0.000650	0.996668	0.002164	0.433369	0.015520	0.550358	0.990837	0.000867	0.008188	0.002253	0.029024	0.968369	0.000799	0.996478	0.002675	0.001029	0.995412	0.003483	0.001028	0.084984	0.904570	0.230660	0.018857	0.750106	0.000239	0.998918	0.000804
265	F3	-	0.532601	0.456020	0.389207	0.153163	0.995704	0.000968	0.003223	0.000632	0.996673	0.002168	0.994214	0.001309	0.004386	0.000804	0.996379	0.002768	0.998718	0.000256	0.000959	0.004561	0.004561	0.990607	0.011146	0.534831	0.439824	0.000353	0.997593	0.001589	0.555265	0.359286	0.085269	0.998800	0.000215	0.000836
266	F3	-	0.502676	0.399560	0.393300	0.206231	0.967661	0.008783	0.023182	0.996245	0.000474	0.002995	0.994214	0.001309	0.004386	0.000804	0.996379	0.002768	0.000357	0.994377	0.005097	0.000799	0.996478	0.002675	0.013082	0.477718	0.508064	0.997423	0.000301	0.001856	0.022929	0.413667	0.558950	0.002089	0.043513	0.952338
267	F3	-	0.507914	0.260424	0.244210	0.494981	0.994751	0.000873	0.003761	0.000635	0.997099	0.002198	0.587413	0.014304	0.397419	0.987539	0.000580	0.011181	0.001692	0.010276	0.987685	0.004569	0.004569	0.990691	0.001029	0.995412	0.003483	0.002522	0.002522	0.994497	0.022792	0.415168	0.561906	0.001293	0.001293	0.996994
268	F3	-	0.342245	0.203838	0.518684	0.276813	0.043658	0.120853	0.833027	0.000632	0.996673	0.002168	0.992642	0.001099	0.005882	0.990837	0.000867	0.008188	0.000357	0.994377	0.005097	0.000799	0.996478	0.002675	0.001029	0.995412	0.003483	0.004527	0.090795	0.902254	0.002606	0.988998	0.008365	0.001293	0.001293	0.996994
269	F3	-	0.524264	0.369103	0.319083	0.310322	0.000931	0.995507	0.003381	0.000650	0.996668	0.002164	0.576790	0.004340	0.412826	0.260194	0.013469	0.725189	0.989243	0.002492	0.008090	0.982269	0.005902	0.011568	0.532661	0.004655	0.458331	0.065112	0.065112	0.868558	0.283028	0.104268	0.612400	0.000153	0.998422	0.000713
270	F3	-	0.294423	0.231050	0.640851	0.126745	0.000931	0.995507	0.003381	0.000635	0.997099	0.002198	0.993627	0.001310	0.004024	0.035004	0.331039	0.632824	0.000000	0.977590	0.018260	0.995311	0.000710	0.003354	0.011446	0.539855	0.443322	0.000314	0.997510	0.001809	0.273051	0.569267	0.157424	0.000183	0.998626	0.000853
271	F3	-	0.562649	0.554010	0.428244	0.017278	0.994751	0.000873	0.003761	0.995116	0.000450	0.001801	0.001099	0.992642	0.005882	0.990837	0.000867	0.008188	0.000357	0.994377	0.005097	0.004882	0.937907	0.056981	0.001029	0.995412	0.003483	0.997961	0.000407	0.001481	0.555265	0.359286	0.085269	0.998800	0.000215	0.000836
272	F3	-	0.504321	0.428558	0.419694	0.151526	0.995704	0.000968	0.003223	0.997099	0.000635	0.002198	0.014304	0.587413	0.397419	0.002587	0.989206	0.008024	0.000708	0.981128	0.017843	0.007494	0.069021	0.923379	0.995412	0.001029	0.003483	0.000424	0.998055	0.001428	0.273051	0.569267	0.157424	0.998800	0.000215	0.000836
273	F3	-	0.327478	0.107895	0.452117	0.439167	0.000931	0.995507	0.003381	0.997099	0.000635	0.002198	0.014312	0.432864	0.548430	0.042524	0.013599	0.942967	0.014847	0.094317	0.889646	0.004569	0.004569	0.990691	0.000766	0.994072	0.004735	0.000424	0.998055	0.001428	0.002183	0.986257	0.011203	0.001293	0.001293	0.996994
274	F3	-	0.252851	0.201493	0.695594	0.102715	0.000765	0.994350	0.004202	0.996953	0.000617	0.002285	0.992642	0.001099	0.005882	0.014390	0.004634	0.980692	0.000357	0.994377	0.005097	0.000799	0.996478	0.002675	0.001029	0.995412	0.003483	0.000424	0.998055	0.001428	0.007334	0.972001	0.020603	0.000239	0.998918	0.000804
275	F3	-	0.708375	0.618969	0.201970	0.178811	0.000765	0.994350	0.004202	0.997099	0.000635	0.002198	0.994214	0.001309	0.004386	0.973304	0.002813	0.023523	0.998545	0.000275	0.001030	0.996478	0.000799	0.002675	0.995412	0.001029	0.003483	0.002522	0.002522	0.994497	0.230660	0.018857	0.750106	0.000690	0.997113	0.002013
276	F3	-	0.472081	0.220200	0.275333	0.503761	0.000936	0.994852	0.003155	0.996668	0.000650	0.002164	0.007538	0.007538	0.984244	0.095933	0.004375	0.896891	0.047540	0.711934	0.239740	0.017438	0.017438	0.964862	0.995412	0.001029	0.003483	0.002522	0.002522	0.994497	0.037830	0.014362	0.947724	0.000183	0.998626	0.000853
277	F3	-	0.569789	0.444212	0.304228	0.251153	0.000931	0.995507	0.003381	0.997099	0.000635	0.002198	0.994214	0.001309	0.004386	0.014390	0.004634	0.980692	0.998718	0.000256	0.000959	0.004542	0.004542	0.990392	0.477718	0.013082	0.508064	0.000393	0.997670	0.001458	0.002606	0.988998	0.008365	0.951514	0.035647	0.011632
278	F3	-	0.575146	0.399220	0.248655	0.351852	0.995704	0.000968	0.003223	0.997099	0.000635	0.002198	0.007742	0.007742	0.984383	0.000804	0.996379	0.002768	0.000708	0.981128	0.017843	0.937907	0.004882	0.056981	0.013082	0.477718	0.508064	0.002522	0.002522	0.994497	0.037830	0.014362	0.947724	0.998800	0.000215	0.000836
279	F3	-	0.366730	0.300634	0.566511	0.132193	0.005495	0.005495	0.987998	0.997099	0.000635	0.002198	0.994214	0.001309	0.004386	0.008483	0.681531	0.305451	0.000357	0.994377	0.005097	0.996478	0.000799	0.002675	0.001029	0.995412	0.003483	0.000424	0.998055	0.001428	0.002606	0.988998	0.008365	0.000151	0.998504	0.000853
280	F3	-	0.691787	0.600643	0.216515	0.182288	0.043658	0.120853	0.833027	0.000635	0.997099	0.002198	0.993627	0.001310	0.004024	0.000804	0.996379	0.002768	0.998718	0.000256	0.000959	0.996044	0.000723	0.002447	0.995412	0.001029	0.003483	0.997961	0.000407	0.001481	0.976771	0.003153	0.020029	0.002803	0.043941	0.952462
281	F3	-	0.640901	0.488377	0.203455	0.305048	0.005301	0.005301	0.987903	0.994753	0.000450	0.001813	0.413482	0.000000	0.562843	0.000804	0.996379	0.002768	0.998718	0.000256	0.000959	0.937907	0.004882	0.056981	0.477718	0.013082	0.508064	0.997961	0.000407	0.001481	0.056947	0.015172	0.926815	0.000183	0.998626	0.000853
282	F3	-	0.772399	0.551037	0.005482	0.442723	0.005301	0.005301	0.987903	0.997099	0.000635	0.002198	0.007742	0.007742	0.984383	0.990837	0.000867	0.008188	0.002253	0.029024	0.968369	0.996478	0.000799	0.002675	0.532661	0.004655	0.458331	0.002428	0.002428	0.994323	0.976771	0.003153	0.020029	0.998800	0.000215	0.000836
283	F3	-	0.492335	0.393474	0.408408	0.197722	0.000765	0.994350	0.004202	0.000635	0.997099	0.002198	0.007742	0.007742	0.984383	0.990527	0.000820	0.007913	0.998718	0.000256	0.000959	0.996478	0.000799	0.002675	0.000766	0.994072	0.004735	0.901043	0.075664	0.021626	0.037830	0.014362	0.947724	0.000239	0.998918	0.000804
284	F3	-	0.499898	0.300252	0.299990	0.399292	0.005495	0.005495	0.987998	0.000635	0.997099	0.002198	0.007366	0.007366	0.984083	0.990837	0.000867	0.008188	0.000357	0.994377	0.005097	0.996478	0.000799	0.002675	0.994916	0.001074	0.003271	0.002537	0.002537	0.994050	0.002606	0.988998	0.008365	0.001293	0.001293	0.996994
285	F3	-	0.599176	0.496978	0.297671	0.204397	0.995704	0.000968	0.003223	0.000635	0.997099	0.002198	0.994214	0.001309	0.004386	0.000804	0.996379	0.002768	0.998718	0.000256	0.000959	0.937907	0.004882	0.056981	0.006098	0.006098	0.987706	0.997433	0.000366	0.001377	0.037830	0.014362	0.947724	0.000434	0.954987	0.036650
286	F3	-	0.789723	0.691550	0.110396	0.196345	0.738980	0.086500	0.169263	0.758012	0.007285	0.230361	0.994214	0.001309	0.004386	0.990837	0.000867	0.008188	0.002253	0.029024	0.968369	0.996478	0.000799	0.002675	0.539855	0.011446	0.443322	0.997961	0.000407	0.001481	0.894923	0.007213	0.097595	0.001991	0.959106	0.037807
287	F3	-	0.523281	0.408457	0.361543	0.229648	0.000931	0.995507	0.003381	0.000635	0.997099	0.002198	0.994214	0.001309	0.004386	0.038334	0.004908	0.955584	0.001883	0.016731	0.981006	0.996478	0.000799	0.002675	0.001029	0.995412	0.003483	0.997680	0.000380	0.001418	0.054585	0.603069	0.341513	0.998800	0.000215	0.000836
288	F3	-	0.469064	0.398875	0.460080	0.140379	0.000931	0.995507	0.003381	0.000635	0.997099	0.002198	0.994214	0.001309	0.004386	0.000587	0.995310	0.003732	0.998468	0.000220	0.001078	0.007494	0.069021	0.923379	0.011446	0.539855	0.443322	0.997961	0.000407	0.001481	0.976771	0.003153	0.020029	0.000239	0.998918	0.000804
289	F3	-	0.598474	0.497888	0.300709	0.201171	0.995704	0.000968	0.003223	0.003891	0.003891	0.992038	0.007366	0.007366	0.984083	0.000804	0.996379	0.002768	0.998718	0.000256	0.000959	0.996478	0.000799	0.002675	0.001005	0.995244	0.003603	0.997961	0.000407	0.001481	0.976771	0.003153	0.020029	0.000183	0.998626	0.000853
290	F3	-	0.445014	0.291173	0.400884	0.307682	0.000931	0.995507	0.003381	0.000632	0.996673	0.002168	0.007742	0.007742	0.984383	0.000804	0.996379	0.002768	0.998718	0.000256	0.000959	0.000799	0.996478	0.002675	0.005855	0.005855	0.987561	0.002522	0.002522	0.994497	0.894923	0.007213	0.097595	0.998800	0.000215	0.000836
291	F3	-	0.695143	0.592529	0.201795	0.205228	0.995704	0.000968	0.003223	0.003891	0.003891	0.992038	0.994214	0.001309	0.004386	0.000804	0.996379	0.002768	0.998718	0.000256	0.000959	0.937907	0.004882	0.056981	0.000766	0.994072	0.004735	0.997423	0.000301	0.001856	0.037830	0.014362	0.947724	0.958037	0.001531	0.037606
292	F3	-	0.505974	0.402828	0.390495	0.206292	0.000931	0.995507	0.003381	0.000635	0.997099	0.002198	0.992642	0.001099	0.005882	0.990837	0.000867	0.008188	0.003594	0.954317	0.041645	0.056544	0.902567	0.039571	0.006098	0.006098	0.987706	0.997423	0.000301	0.001856	0.976771	0.003153	0.020029	0.002803	0.043941	0.952462
293	F3	-	0.636550	0.596871	0.323462	0.079357	0.995704	0.000968	0.003223	0.009393	0.253808	0.735565	0.992642	0.001099	0.005882	0.000804	0.996379	0.002768	0.000708	0.981128	0.017843	0.000799	0.996478	0.002675	0.995412	0.001029	0.003483	0.997961	0.000407	0.001481	0.976771	0.003153	0.020029	0.998518	0.000171	0.000625
294	F3	-	0.389157	0.277941	0.499143	0.222431	0.005495	0.005495	0.987998	0.000635	0.997099	0.002198	0.543450	0.389311	0.065909	0.000804	0.996379	0.002768	0.998468	0.000220	0.001078	0.004542	0.004542	0.990392	0.001029	0.995412	0.003483	0.000424	0.998055	0.001428	0.273051	0.569267	0.157424	0.951514	0.035647	0.011632
295	F3	-	0.582451	0.492023	0.326130	0.180858	0.000936	0.994852	0.003155	0.996668	0.000650	0.002164	0.843909	0.021421	0.133843	0.299191	0.648968	0.050830	0.000357	0.994377	0.005097	0.994269	0.001366	0.004226	0.011446	0.539855	0.443322	0.997961	0.000407	0.001481	0.774240	0.058152	0.167482	0.001248	0.001248	0.996978
296	F3	-	0.627336	0.457715	0.200992	0.339241	0.297471	0.007367	0.679177	0.997099	0.000635	0.002198	0.992642	0.001099	0.005882	0.096561	0.004999	0.897276	0.989243	0.002492	0.008090	0.965102	0.011742	0.022615	0.006028	0.006028	0.987672	0.000353	0.997593	0.001589	0.230660	0.018857	0.750106	0.001991	0.959106	0.037807
297	F3	-	0.658446	0.508617	0.190577	0.299658	0.005301	0.005301	0.987903	0.997099	0.000635	0.002198	0.991340	0.000734	0.001462	0.096561	0.004999	0.897276	0.004741	0.919373	0.075215	0.011742	0.965102	0.022615	0.005855	0.005855	0.987561	0.997961	0.000407	0.001481	0.976771	0.003153	0.020029	0.998800	0.000215	0.000836
298	F3	-	0.420731	0.334295	0.492308	0.172873	0.994751	0.000873	0.003761	0.253808	0.009393	0.735565	0.001309	0.994214	0.004386	0.096561	0.004999	0.897276	0.989243	0.002492	0.008090	0.010020	0.924788	0.064268	0.994072	0.000766	0.004735	0.000424	0.998055	0.001428	0.002606	0.988998	0.008365	0.000151	0.998504	0.000853
299	F3	-	0.243047	0.005970	0.519383	0.474154	0.000931	0.995507	0.003381	0.009393	0.253808	0.735565	0.007623	0.007623	0.984336	0.000804	0.996379	0.002768	0.000608	0.984294	0.014626	0.000799	0.996478	0.002675	0.013065	0.540888	0.444913	0.002522	0.002522	0.994497	0.022792	0.415168	0.561906	0.001165	0.001165	0.996873
300	F3	-	0.499274	0.304432	0.305442	0.389682	0.005677	0.005677	0.987989	0.996245	0.000474	0.002995	0.007538	0.007538	0.984244	0.000804	0.996379	0.002768	0.014847	0.094317	0.889646	0.002721	0.988643	0.008357	0.006098	0.006098	0.987706	0.997961	0.000407	0.001481	0.976771	0.003153	0.020029	0.035662	0.951734	0.011610
301-145	F4	-	0.947475	0.901799	0.006847	0.091350	0.996464	0.002165	0.001372	0.996898	0.000842	0.002260	0.995401	0.002406	0.002193	0.995203	0.002378	0.002409	0.998326	0.000817	0.000845	0.995089	0.002460	0.002443	0.996358	0.001900	0.001741	0.098120	0.011746	0.890131	0.990592	0.004864	0.004544	0.955545	0.038891	0.005564
302-28	C1	-	0.951488	0.903261	0.000286	0.096453	0.992311	0.000014	0.007675	0.996297	0.000003	0.003699	0.575074	0.001481	0.423445	0.993721	0.000009	0.006270	0.997321	0.000002	0.002677	0.993629	0.000009	0.006362	0.551810	0.001238	0.446952	0.988494	0.000018	0.011488	0.985100	0.000056	0.014844	0.958856	0.000025	0.041119
