Id	P1	P2	MS	Weight	UC	No.(+/+)	No.(-/-)	No.(+/-)	No.(?)	QTL1	QTL2	QTL3	QTL4	QTL5	QTL6	QTL7	QTL8	QTL9	QTL10	QTL11
B13xB124	B13	B124	0.741591	0.664517	9.275530	4	0	0	7	0.240617	0.777127	0.955858	0.930395	0.625936	0.728841	0.990951	0.414957	0.827143	0.726757	0.938915
B13xB40	B13	B40	0.750623	0.635143	9.374896	6	1	1	3	0.000000	0.930953	0.696751	0.938511	0.735274	0.709700	0.982703	0.900191	0.893133	0.497978	0.971670
B158xB28	B158	B28	0.788236	0.666969	9.536621	6	1	0	4	0.000000	0.925385	0.693135	0.944813	0.943393	0.944608	0.987873	0.890395	0.772895	0.715915	0.852182
B158xB38	B158	B38	0.775921	0.656549	9.535135	5	1	0	5	0.000000	0.907072	0.691585	0.941653	0.777644	0.947664	0.990998	0.960597	0.855456	0.726907	0.735558
B242xB125	B242	B125	0.716851	0.643584	8.885356	6	0	0	5	0.240617	0.689736	0.925883	0.915434	0.147691	0.966944	0.989159	0.249328	0.837025	0.950225	0.973316
B242xB37	B242	B37	0.736909	0.623539	8.972032	4	1	0	6	0.000000	0.839359	0.564659	0.902542	0.581536	0.972035	0.985955	0.713072	0.852612	0.721911	0.972328
B28xB8	B28	B8	0.805339	0.681441	9.565841	7	1	0	3	0.000000	0.915688	0.734932	0.912163	0.904784	0.947182	0.987873	0.858317	0.720959	0.956068	0.920768
B37xB125	B37	B125	0.723282	0.649026	8.822128	4	0	0	7	0.240617	0.803227	0.594630	0.930043	0.439614	0.966736	0.989154	0.464230	0.837940	0.717259	0.972654
B40xB124	B40	B124	0.731339	0.655844	9.269476	5	0	0	6	0.240617	0.823646	0.696747	0.951050	0.388078	0.942272	0.984109	0.485668	0.888343	0.726697	0.917504
B8xB38	B8	B38	0.793025	0.671021	9.589300	6	1	0	4	0.000000	0.897375	0.733383	0.909003	0.739036	0.950237	0.990998	0.928519	0.803519	0.967059	0.804145
--
Method: constraints (No.crosses: max - Ind contrib: 2)
List: List4_Complementation_Selection
Criterion: UC