Id	P1	P2	Cycle	Group	MS	Weight	UC	No.(+/+)	No.(-/-)	No.(+/-)	No.(?)	QTL1	QTL2	QTL3	QTL4	QTL5	QTL6	QTL7	QTL8	QTL9	QTL10	QTL11
D	d	d	-	-	0.363636	0.363636	4.000000	4	7	0	0	0.000000	0.000000	1.000000	0.000000	0.000000	1.000000	0.000000	0.000000	0.000000	1.000000	1.000000
F	f	f	-	-	0.363636	0.363636	4.000000	4	7	0	0	0.000000	1.000000	0.000000	1.000000	0.000000	0.000000	1.000000	0.000000	1.000000	0.000000	0.000000
S	s	s	-	-	0.454545	0.454545	5.000000	5	6	0	0	0.000000	0.000000	0.000000	1.000000	1.000000	1.000000	0.000000	1.000000	0.000000	0.000000	1.000000
X	x	x	-	-	0.272727	0.272727	3.000000	3	8	0	0	1.000000	0.000000	0.000000	0.000000	0.000000	0.000000	0.000000	0.000000	0.000000	1.000000	1.000000
df	D	F	-	-	0.363636	0.363636	5.414214	0	3	8	0	0.000000	0.500000	0.500000	0.500000	0.000000	0.500000	0.500000	0.000000	0.500000	0.500000	0.500000
fx	F	X	-	-	0.318182	0.318182	4.822876	0	4	7	0	0.500000	0.500000	0.000000	0.500000	0.000000	0.000000	0.500000	0.000000	0.500000	0.500000	0.500000
sf	S	F	-	-	0.409091	0.409091	5.822876	1	3	7	0	0.000000	0.500000	0.000000	1.000000	0.500000	0.500000	0.500000	0.500000	0.500000	0.000000	0.500000
df19_	df	df	F2	-	0.419933	0.419933	5.737297	2	3	3	3	0.000000	0.994845	0.143163	0.742407	0.000000	0.949154	0.499992	0.000000	0.499997	0.289708	0.499998
df21_	df	df	F2	-	0.464440	0.464440	6.108845	3	3	4	1	0.000000	0.500000	0.906871	0.499999	0.000000	0.992595	0.500000	0.000000	0.996471	0.212911	0.499998
df24_	df	df	F2	-	0.452547	0.452547	5.978018	3	4	4	0	0.000000	0.994845	0.997701	0.981283	0.000000	0.500000	0.499992	0.000000	0.499997	0.499997	0.004203
df37_	df	df	F2	-	0.471661	0.471661	6.306300	1	3	5	2	0.000000	0.500000	0.585691	0.499999	0.000000	0.500000	0.854873	0.000000	0.750334	0.997371	0.499998
df58_	df	df	F2	-	0.570224	0.570224	7.138486	4	3	2	2	0.000000	0.994845	0.903458	0.499999	0.000000	0.992595	0.996031	0.000000	0.750334	0.499997	0.635201
df59_	df	df	F2	-	0.472064	0.472064	6.192700	3	4	2	2	0.000000	0.500000	0.095627	0.742407	0.000000	0.499989	0.996031	0.000000	0.996481	0.997371	0.364794
df64_	df	df	F2	-	0.357504	0.357504	4.932549	1	5	4	1	0.000000	0.500000	0.019209	0.548868	0.000000	0.007405	0.500000	0.000000	0.996481	0.499997	0.860589
df72_	df	df	F2	-	0.354819	0.354819	4.903014	2	4	3	2	0.000000	0.994845	0.143163	0.261126	0.000000	0.007405	0.500000	0.000000	0.996481	0.499997	0.499998
df73_	df	df	F2	-	0.375205	0.375205	5.351999	1	3	6	1	0.000000	0.500000	0.490481	0.499999	0.000000	0.500000	0.500000	0.000000	0.499997	0.997371	0.139406
df77_	df	df	F2	-	0.519445	0.519445	6.579921	3	3	2	3	0.000000	0.773195	0.490481	0.257566	0.000000	0.949154	0.500000	0.000000	0.750334	0.997371	0.995795
df108_	df	df	F2	-	0.496264	0.496264	6.576941	2	3	4	2	0.000000	0.500000	0.709847	0.499999	0.000000	0.949154	0.996031	0.000000	0.499997	0.787071	0.516808
df128_	df	df	F2	-	0.475082	0.475082	6.225899	2	4	3	2	0.000000	0.500000	0.585517	0.742407	0.000000	0.050839	0.854873	0.000000	0.996471	0.499997	0.995795
df132_	df	df	F2	-	0.485384	0.485384	6.457255	2	3	5	1	0.000000	0.500000	0.490509	0.499999	0.000000	0.500000	0.854873	0.000000	0.996471	0.997371	0.499998
df137_	df	df	F2	-	0.530126	0.530126	6.697408	4	3	2	2	0.000000	0.500000	0.986990	0.742407	0.000000	0.964587	0.145127	0.000000	0.996481	0.499997	0.995795
fx305_	fx	fx	F2	-	0.534955	0.534955	6.591616	5	4	2	0	0.988249	0.939048	0.000000	0.499999	0.000000	0.000000	0.996031	0.000000	0.499994	0.961268	0.999920
fx319_	fx	fx	F2	-	0.482978	0.482978	6.178786	4	4	2	1	0.988249	0.939048	0.000000	0.962199	0.000000	0.000000	0.996031	0.000000	0.403457	0.499997	0.523780
fx376_	fx	fx	F2	-	0.483913	0.483913	6.189064	3	4	2	2	0.901624	0.500000	0.000000	0.962199	0.000000	0.000000	0.641158	0.000000	0.856791	0.961268	0.499998
sf648_	sf	sf	F2	-	0.506930	0.506930	6.576229	1	3	3	4	0.000000	0.861919	0.000000	0.999998	0.793172	0.454065	0.499998	0.499999	0.606489	0.000000	0.860589
sf650_	sf	sf	F2	-	0.536694	0.536694	6.903634	4	3	4	0	0.000000	0.475960	0.000000	0.999977	0.500000	0.500000	0.996031	0.999353	0.436518	0.000000	0.995795
sf655_	sf	sf	F2	-	0.537282	0.537282	6.617206	4	4	1	2	0.000000	0.978466	0.000000	0.999942	0.994826	0.004911	0.641158	0.499999	0.795002	0.000000	0.995795
sf681_	sf	sf	F2	-	0.508395	0.508395	6.710377	3	3	5	0	0.000000	0.601509	0.000000	0.999977	0.500000	0.995089	0.499998	0.499999	0.499977	0.000000	0.995795
sf683_	sf	sf	F2	-	0.553013	0.553013	6.949171	4	3	2	2	0.000000	0.978466	0.000000	0.999962	0.994826	0.454065	0.996031	0.499999	0.795002	0.000000	0.364794
sf716_	sf	sf	F2	-	0.542751	0.542751	6.970266	4	3	4	0	0.000000	0.978466	0.000000	0.999998	0.500000	0.500000	0.996031	0.499999	0.499977	0.000000	0.995795
sf740_	sf	sf	F2	-	0.487385	0.487385	6.479267	3	3	4	1	0.000000	0.475960	0.000000	0.999998	0.500000	0.499989	0.996031	0.499999	0.393461	0.000000	0.995795
sf743_	sf	sf	F2	-	0.451453	0.451453	6.190733	1	3	5	2	0.000000	0.475960	0.000000	0.999977	0.500000	0.500000	0.854873	0.499999	0.499977	0.000000	0.635201
df19	df19_	df19_	-	-	0.419790	0.419790	4.617685	2	4	0	5	0.000000	0.994845	0.143162	0.742226	0.000000	0.949144	0.499984	0.000000	0.498711	0.289699	0.499913
df21	df21_	df21_	-	-	0.464275	0.464275	5.107029	3	3	0	5	0.000000	0.499829	0.906673	0.498802	0.000000	0.992595	0.499867	0.000000	0.996449	0.212902	0.499913
df24	df24_	df24_	-	-	0.452406	0.452406	4.976464	3	4	0	4	0.000000	0.994845	0.997700	0.981283	0.000000	0.499838	0.499984	0.000000	0.498711	0.499900	0.004203
df37	df37_	df37_	-	-	0.471499	0.471499	5.186493	2	3	0	6	0.000000	0.499829	0.585546	0.498802	0.000000	0.499838	0.854873	0.000000	0.750320	0.997371	0.499913
df58	df58_	df58_	-	-	0.570103	0.570103	6.271133	4	3	0	4	0.000000	0.994845	0.903449	0.498802	0.000000	0.992595	0.996031	0.000000	0.750320	0.499900	0.635191
df59	df59_	df59_	-	-	0.472019	0.472019	5.192206	3	4	0	4	0.000000	0.499829	0.095510	0.742226	0.000000	0.499978	0.996031	0.000000	0.996477	0.997371	0.364784
df64	df64_	df64_	-	-	0.357351	0.357351	3.930858	2	5	0	4	0.000000	0.499829	0.019194	0.547607	0.000000	0.007405	0.499867	0.000000	0.996477	0.499900	0.860581
df72	df72_	df72_	-	-	0.354789	0.354789	3.902684	2	5	0	4	0.000000	0.994845	0.143162	0.261114	0.000000	0.007405	0.499867	0.000000	0.996477	0.499900	0.499913
df73	df73_	df73_	-	-	0.374927	0.374927	4.124192	1	4	0	6	0.000000	0.499829	0.490383	0.498802	0.000000	0.499838	0.499867	0.000000	0.498711	0.997371	0.139392
df77	df77_	df77_	-	-	0.519406	0.519406	5.713465	3	3	0	5	0.000000	0.773195	0.490383	0.257382	0.000000	0.949154	0.499867	0.000000	0.750320	0.997371	0.995795
df108	df108_	df108_	-	-	0.496000	0.496000	5.456000	2	3	0	6	0.000000	0.499829	0.709685	0.498802	0.000000	0.949154	0.996031	0.000000	0.498711	0.787061	0.516727
df128	df128_	df128_	-	-	0.475036	0.475036	5.225399	3	4	0	4	0.000000	0.499829	0.585499	0.742226	0.000000	0.050829	0.854873	0.000000	0.996449	0.499900	0.995795
df132	df132_	df132_	-	-	0.485172	0.485172	5.336894	3	3	0	5	0.000000	0.499829	0.489819	0.498802	0.000000	0.499838	0.854873	0.000000	0.996449	0.997371	0.499913
df137	df137_	df137_	-	-	0.530082	0.530082	5.830902	4	4	0	3	0.000000	0.499829	0.986971	0.742226	0.000000	0.964577	0.145127	0.000000	0.996477	0.499900	0.995795
fx305	fx305_	fx305_	-	-	0.534727	0.534727	5.881994	5	4	0	2	0.988249	0.939046	0.000000	0.498894	0.000000	0.000000	0.996031	0.000000	0.498608	0.961245	0.999920
fx319	fx319_	fx319_	-	-	0.482846	0.482846	5.311305	4	4	0	3	0.988249	0.939046	0.000000	0.962180	0.000000	0.000000	0.996031	0.000000	0.402132	0.499900	0.523767
fx376	fx376_	fx376_	-	-	0.483883	0.483883	5.322717	4	4	0	3	0.901624	0.499982	0.000000	0.962180	0.000000	0.000000	0.641147	0.000000	0.856612	0.961245	0.499927
sf648	sf648_	sf648_	-	-	0.506780	0.506780	5.574579	3	3	0	5	0.000000	0.861907	0.000000	0.999957	0.793172	0.454065	0.499832	0.499852	0.605214	0.000000	0.860581
sf650	sf650_	sf650_	-	-	0.536608	0.536608	5.902693	4	3	0	4	0.000000	0.475772	0.000000	0.999550	0.499984	0.499838	0.996031	0.999351	0.436371	0.000000	0.995795
sf655	sf655_	sf655_	-	-	0.537230	0.537230	5.909534	4	4	0	3	0.000000	0.978466	0.000000	0.999693	0.994826	0.004911	0.641147	0.499852	0.794845	0.000000	0.995795
sf681	sf681_	sf681_	-	-	0.508208	0.508208	5.590288	3	3	0	5	0.000000	0.601496	0.000000	0.999550	0.499984	0.995089	0.499832	0.499852	0.498691	0.000000	0.995795
sf683	sf683_	sf683_	-	-	0.552983	0.552983	6.082808	4	3	0	4	0.000000	0.978466	0.000000	0.999940	0.994826	0.454065	0.996031	0.499852	0.794845	0.000000	0.364784
sf716	sf716_	sf716_	-	-	0.542601	0.542601	5.968614	4	3	0	4	0.000000	0.978466	0.000000	0.999957	0.499984	0.499838	0.996031	0.499852	0.498691	0.000000	0.995795
sf740	sf740_	sf740_	-	-	0.487231	0.487231	5.359537	3	3	0	5	0.000000	0.475772	0.000000	0.999957	0.499984	0.499978	0.996031	0.499852	0.392168	0.000000	0.995795
sf743	sf743_	sf743_	-	-	0.451249	0.451249	4.963741	2	3	0	6	0.000000	0.475772	0.000000	0.999550	0.499984	0.499838	0.854863	0.499853	0.498691	0.000000	0.635191
A1003_	df108	df37	C1	-	0.641274	0.641274	7.554017	6	3	1	1	0.000000	0.975734	0.973824	0.913530	0.000000	0.498661	0.975864	0.000000	0.760759	0.977877	0.977768
A1005_	df108	sf650	C1	-	0.641764	0.641764	8.177439	5	1	4	1	0.000000	0.892751	0.489600	0.875140	0.487760	0.974690	0.996041	0.499677	0.378935	0.479189	0.985622
A1006_	df108	sf655	C1	-	0.610511	0.610511	7.940364	4	1	4	2	0.000000	0.977101	0.458734	0.949773	0.497413	0.488411	0.973199	0.332788	0.659033	0.393545	0.985622
A1040_	sf683	df37	C1	-	0.661482	0.661482	8.394339	5	1	5	0	0.000000	0.977101	0.484224	0.959164	0.497413	0.923124	0.975858	0.498504	0.954303	0.498687	0.507927
A166_	fx305	df108	C1	-	0.564320	0.564320	7.325555	4	2	4	1	0.494125	0.957786	0.458734	0.521893	0.000000	0.485956	0.996041	0.000000	0.329249	0.976053	0.987684
A167_	fx305	df108	C1	-	0.577517	0.577517	7.470721	4	2	4	1	0.494125	0.481364	0.430129	0.891636	0.000000	0.485956	0.996041	0.000000	0.609699	0.976053	0.987684
A211_	fx376	df108	C1	-	0.548695	0.548695	7.153675	4	2	5	0	0.471341	0.914123	0.421036	0.942430	0.000000	0.485956	0.973199	0.000000	0.453599	0.976053	0.397904
A212_	fx376	df108	C1	-	0.567072	0.567072	7.355824	4	2	5	0	0.471341	0.571014	0.487267	0.937632	0.000000	0.485956	0.973199	0.000000	0.937426	0.976053	0.397904
A23_	df108	sf648	C1	-	0.597842	0.597842	7.576257	4	2	4	1	0.000000	0.443097	0.489600	0.958561	0.471703	0.920345	0.988671	0.001529	0.952889	0.479189	0.870673
A245_	sf681	df128	C1	-	0.565050	0.565050	7.215546	4	2	3	2	0.000000	0.644941	0.483906	0.947476	0.205355	0.511310	0.968488	0.496920	0.955128	0.006227	0.995796
A25_	df108	sf650	C1	-	0.575746	0.575746	7.451238	4	2	4	1	0.000000	0.083200	0.489600	0.959164	0.487760	0.974690	0.996041	0.499677	0.378260	0.479189	0.985622
A251_	sf683	df108	C1	-	0.636437	0.636437	8.118837	3	1	5	2	0.000000	0.501366	0.489600	0.954365	0.497413	0.908966	0.996041	0.498462	0.848192	0.479190	0.827207
A256_	sf683	df132	C1	-	0.559893	0.559893	7.383565	3	2	5	1	0.000000	0.714055	0.494361	0.959164	0.497413	0.508410	0.975858	0.498462	0.977145	0.498687	0.035263
A27_	df108	sf650	C1	-	0.576673	0.576673	7.666279	3	1	6	1	0.000000	0.558935	0.458734	0.959164	0.487760	0.539345	0.996041	0.499677	0.378935	0.479189	0.985622
A290_	sf716	df128	C1	-	0.584625	0.584625	7.296897	5	2	3	1	0.000000	0.977101	0.483906	0.946381	0.012240	0.174112	0.975858	0.416577	0.955128	0.493773	0.995796
A33_	df108	sf716	C1	-	0.593049	0.593049	7.641577	4	2	4	1	0.000000	0.501366	0.458734	0.959164	0.012240	0.974690	0.996041	0.498504	0.657992	0.479190	0.985622
A37_	df108	sf743	C1	-	0.570580	0.570580	7.142407	5	3	3	0	0.000000	0.558935	0.421036	0.941439	0.012240	0.974690	0.975869	0.001496	0.949073	0.479189	0.962414
A6_	df108	df132	C1	-	0.596965	0.596965	6.566613	6	4	0	1	0.000000	0.023679	0.827648	0.908731	0.000000	0.974690	0.925460	0.000000	0.950759	0.977877	0.977768
A88_	df37	sf648	C1	-	0.570859	0.570859	7.145476	5	3	3	0	0.000000	0.918832	0.484224	0.958561	0.471703	0.073065	0.968488	0.001493	0.936699	0.498687	0.967699
A9_	df108	df137	C1	-	0.633011	0.633011	7.463120	5	3	1	2	0.000000	0.763045	0.957399	0.742866	0.000000	0.980185	0.570587	0.000000	0.990455	0.972962	0.985622
A91_	df37	sf655	C1	-	0.594011	0.594011	7.857000	2	1	6	2	0.000000	0.977101	0.481531	0.840314	0.497413	0.491190	0.953016	0.498504	0.716938	0.498687	0.579430
A1003	A1003_	A1003_	-	-	0.641271	0.641271	7.553978	6	3	0	2	0.000000	0.975734	0.973823	0.913526	0.000000	0.498635	0.975864	0.000000	0.760752	0.977875	0.977768
A1005	A1005_	A1005_	-	-	0.641680	0.641680	8.058476	5	1	0	5	0.000000	0.892744	0.489541	0.875063	0.487758	0.974667	0.996041	0.499669	0.378243	0.479163	0.985586
A1006	A1006_	A1006_	-	-	0.610396	0.610396	7.580382	4	1	0	6	0.000000	0.977097	0.458615	0.949175	0.497409	0.488379	0.973199	0.332779	0.658644	0.393473	0.985586
A1040	A1040_	A1040_	-	-	0.661463	0.661463	8.394132	5	1	0	5	0.000000	0.977097	0.484183	0.959151	0.497412	0.923107	0.975858	0.498492	0.954286	0.498643	0.507868
A166	A166_	A166_	-	-	0.564249	0.564249	7.206739	4	2	0	5	0.494122	0.957786	0.458471	0.521750	0.000000	0.485936	0.996041	0.000000	0.328979	0.975993	0.987660
A167	A167_	A167_	-	-	0.577466	0.577466	7.352128	4	2	0	5	0.494122	0.481345	0.429900	0.891634	0.000000	0.485936	0.996041	0.000000	0.609498	0.975993	0.987660
A211	A211_	A211_	-	-	0.548658	0.548658	7.035237	4	2	0	5	0.471338	0.914123	0.421011	0.942424	0.000000	0.485932	0.973199	0.000000	0.453360	0.975993	0.397857
A212	A212_	A212_	-	-	0.567038	0.567038	7.237422	4	2	0	5	0.471338	0.571002	0.487144	0.937606	0.000000	0.485932	0.973199	0.000000	0.937351	0.975993	0.397857
A23	A23_	A23_	-	-	0.597773	0.597773	7.575503	5	2	0	4	0.000000	0.443007	0.489512	0.958147	0.471701	0.920327	0.988671	0.001520	0.952835	0.479167	0.870617
A245	A245_	A245_	-	-	0.565028	0.565028	7.081329	4	2	0	5	0.000000	0.644926	0.483786	0.947469	0.205354	0.511279	0.968488	0.496902	0.955116	0.006214	0.995768
A25	A25_	A25_	-	-	0.575656	0.575656	7.332221	4	2	0	5	0.000000	0.083073	0.489541	0.959127	0.487758	0.974667	0.996041	0.499669	0.377595	0.479163	0.985586
A251	A251_	A251_	-	-	0.636341	0.636341	8.117781	4	1	0	6	0.000000	0.501331	0.489500	0.954335	0.497412	0.908954	0.996041	0.498449	0.847435	0.479136	0.827154
A256	A256_	A256_	-	-	0.559878	0.559878	7.276689	3	2	0	6	0.000000	0.714053	0.494321	0.959151	0.497412	0.508390	0.975858	0.498451	0.977094	0.498666	0.035258
A27	A27_	A27_	-	-	0.576584	0.576584	7.567165	3	1	0	7	0.000000	0.558897	0.458614	0.959127	0.487758	0.539327	0.996041	0.499664	0.378243	0.479163	0.985586
A290	A290_	A290_	-	-	0.584604	0.584604	7.296665	5	2	0	4	0.000000	0.977097	0.483865	0.946335	0.012238	0.174052	0.975858	0.416559	0.955116	0.493751	0.995768
A33	A33_	A33_	-	-	0.593019	0.593019	7.523204	4	2	0	5	0.000000	0.501331	0.458615	0.959157	0.012236	0.974667	0.996041	0.498490	0.657910	0.479170	0.985586
A37	A37_	A37_	-	-	0.570556	0.570556	7.142137	5	3	0	3	0.000000	0.558897	0.421025	0.941328	0.012236	0.974667	0.975869	0.001487	0.949063	0.479167	0.962373
A6	A6_	A6_	-	-	0.596964	0.596964	6.566601	7	4	0	0	0.000000	0.023679	0.827648	0.908731	0.000000	0.974690	0.925460	0.000000	0.950748	0.977875	0.977768
A88	A88_	A88_	-	-	0.570798	0.570798	7.144809	5	3	0	3	0.000000	0.918825	0.484064	0.958147	0.471701	0.073063	0.968488	0.001486	0.936681	0.498664	0.967664
A9	A9_	A9_	-	-	0.633010	0.633010	7.463107	5	3	0	3	0.000000	0.763044	0.957390	0.742863	0.000000	0.980185	0.570585	0.000000	0.990455	0.972962	0.985622
A91	A91_	A91_	-	-	0.593935	0.593935	7.758028	3	1	0	7	0.000000	0.977097	0.481514	0.839772	0.497412	0.491160	0.953016	0.498492	0.716813	0.498644	0.579363
B1	A1003	A1003	C2	-	0.637707	0.637707	7.514776	6	3	1	1	0.000000	0.976304	0.973824	0.915870	0.000000	0.456502	0.975864	0.000000	0.760763	0.977879	0.977770
B10	A1005	A91	C2	-	0.544088	0.544088	6.984973	3	2	3	3	0.000000	0.884435	0.004265	0.684924	0.492588	0.969357	0.974529	0.144301	0.835041	0.484196	0.511338
B100	A211	A33	C2	G3	0.600976	0.600976	7.835477	3	1	4	3	0.382020	0.683328	0.407377	0.950802	0.001385	0.534463	0.984622	0.426444	0.434568	0.955475	0.850248
B101	A211	A33	C2	G3	0.458394	0.458394	6.365210	2	2	6	1	0.382020	0.475587	0.021239	0.950802	0.006118	0.491613	0.984622	0.426444	0.272108	0.525194	0.506587
B102	A211	A33	C2	G3	0.614265	0.614265	7.622942	3	2	3	3	0.459042	0.732774	0.417732	0.950802	0.001385	0.494072	0.984622	0.067690	0.840381	0.965616	0.842801
B103	A211	A6	C2	G3	0.595114	0.595114	7.546250	4	2	4	1	0.459042	0.468901	0.821665	0.925586	0.000000	0.495159	0.972744	0.000000	0.935973	0.968249	0.498930
B104	A211	A6	C2	G3	0.573857	0.573857	7.178456	4	3	2	2	0.089329	0.468901	0.821665	0.925586	0.000000	0.492708	0.972744	0.000000	0.935973	0.985700	0.619824
B105	A211	A6	C2	G3	0.602275	0.602275	7.625029	5	2	4	0	0.459042	0.468901	0.427022	0.925586	0.000000	0.926557	0.972744	0.000000	0.505147	0.968249	0.971780
B106	A212	A1003	C2	-	0.675927	0.675927	7.435199	7	3	0	1	0.012301	0.935734	0.973003	0.933813	0.000000	0.903593	0.969611	0.000000	0.749664	0.985700	0.971780
B107	A212	A1003	C2	-	0.588727	0.588727	7.342018	5	3	2	1	0.089329	0.611302	0.489993	0.933813	0.000000	0.492312	0.969611	0.000000	0.932153	0.985700	0.971780
B108	A212	A1003	C2	-	0.679189	0.679189	7.471078	7	3	0	1	0.012301	0.936019	0.958944	0.933813	0.000000	0.954571	0.969611	0.000000	0.749664	0.984375	0.971780
B109	A212	A1005	C2	-	0.667540	0.667540	8.342938	4	1	4	2	0.459042	0.731891	0.559816	0.932102	0.005966	0.964205	0.984623	0.427443	0.854160	0.924551	0.499139
B11	A1005	A91	C2	-	0.645051	0.645051	8.213598	4	1	5	1	0.000000	0.884435	0.480434	0.809219	0.492588	0.972075	0.974529	0.499669	0.476023	0.527670	0.978923
B110	A212	A1005	C2	-	0.686340	0.686340	8.667776	4	0	4	3	0.437579	0.731891	0.487604	0.939146	0.288227	0.966800	0.984623	0.427445	0.817609	0.962233	0.506587
B111	A212	A1005	C2	-	0.689112	0.689112	8.287337	6	2	1	2	0.012301	0.518848	0.960104	0.932102	0.005966	0.926212	0.989545	0.431851	0.854160	0.969703	0.979438
B112	A212	A1040	C2	-	0.625717	0.625717	7.882889	5	1	2	3	0.459042	0.611705	0.967703	0.948412	0.293935	0.945749	0.974530	0.067693	0.937686	0.513143	0.163290
B113	A212	A1040	C2	-	0.575640	0.575640	7.332043	4	2	2	3	0.033764	0.611705	0.887293	0.948412	0.293935	0.464297	0.969609	0.002460	0.937686	0.480683	0.702198
B114	A212	A1040	C2	-	0.548605	0.548605	7.034659	4	3	3	1	0.089329	0.611886	0.486491	0.948412	0.006084	0.497257	0.979452	0.002460	0.937686	0.977296	0.498306
B115	A212	A212	C2	-	0.542517	0.542517	6.967689	4	3	3	1	0.024602	0.571017	0.488327	0.951755	0.000000	0.529069	0.973201	0.000000	0.954028	0.983498	0.492191
B116	A212	A212	C2	-	0.565603	0.565603	6.721636	5	4	0	2	0.024602	0.571017	0.006161	0.937668	0.000000	0.961195	0.963358	0.000000	0.937535	0.983498	0.836601
B117	A212	A212	C2	-	0.549589	0.549589	7.045481	4	3	2	2	0.024602	0.571017	0.557881	0.937668	0.000000	0.442865	0.983043	0.000000	0.921050	0.993519	0.613835
B118	A212	A27	C2	-	0.631432	0.631432	7.945750	4	2	2	3	0.459042	0.834295	0.929342	0.965410	0.005966	0.920337	0.979701	0.067850	0.683026	0.480747	0.620034
B119	A212	A27	C2	-	0.544515	0.544515	6.989660	3	3	3	2	0.089329	0.905256	0.807201	0.945513	0.005966	0.063581	0.979701	0.497217	0.699514	0.497243	0.499139
B12	A1005	A91	C2	-	0.670774	0.670774	8.085616	4	2	2	3	0.000000	0.884435	0.545147	0.792938	0.080400	0.930367	0.974531	0.499669	0.835041	0.974264	0.861717
B120	A212	A27	C2	-	0.438548	0.438548	5.690058	2	4	2	3	0.012301	0.192945	0.116210	0.945513	0.005966	0.102064	0.989544	0.497216	0.854160	0.480632	0.627481
B121	A212	A91	C2	-	0.517398	0.517398	6.398480	4	4	2	1	0.089329	0.773326	0.005714	0.963537	0.040594	0.488571	0.968030	0.426441	0.919202	0.991785	0.024844
B122	A212	A91	C2	-	0.643726	0.643726	7.947014	5	2	2	2	0.382020	0.611886	0.080275	0.953969	0.040594	0.963964	0.968030	0.426443	0.935689	0.991785	0.726335
B123	A212	A91	C2	-	0.671691	0.671691	8.506630	4	1	3	3	0.459042	0.611886	0.487870	0.953969	0.040594	0.922532	0.958187	0.496047	0.718884	0.766854	0.972730
B124	A23	A167	C2	-	0.722306	0.722306	8.811390	6	1	1	3	0.481233	0.669819	0.955854	0.942935	0.278741	0.961413	0.992358	0.000434	0.822353	0.955476	0.884749
B125	A23	A167	C2	-	0.703223	0.703223	8.442560	6	2	1	2	0.481233	0.653604	0.955854	0.942935	0.005769	0.961646	0.992358	0.000486	0.822353	0.945572	0.973642
B126	A23	A167	C2	-	0.550917	0.550917	7.178126	3	1	4	3	0.400489	0.225995	0.601354	0.925388	0.278741	0.527605	0.992358	0.001358	0.739738	0.482332	0.884735
B127	A23	A23	C2	-	0.582003	0.582003	7.402032	5	2	3	1	0.000000	0.443107	0.489732	0.976284	0.284511	0.924838	0.988672	0.002963	0.942062	0.479191	0.870672
B128b	A23	A23	C2	-	0.621635	0.621635	7.337990	5	3	1	2	0.000000	0.034416	0.976151	0.996143	0.471705	0.869921	0.988672	0.001524	0.952985	0.752460	0.794012
B129	A23	A23	C2	-	0.589687	0.589687	6.986557	6	3	1	1	0.000000	0.260238	0.489673	0.921985	0.011539	0.961634	0.988672	0.000146	0.952985	0.952332	0.947353
B13	A1006	A1005	C2	-	0.760875	0.760875	9.076732	6	1	2	2	0.000000	0.884435	0.955863	0.917856	0.973131	0.496268	0.989545	0.829479	0.831932	0.498037	0.993081
B130	A23	A256	C2	-	0.577901	0.577901	7.222933	5	3	2	1	0.000000	0.693957	0.979770	0.959142	0.011854	0.914881	0.982266	0.431782	0.965091	0.003531	0.414632
B131	A23	A256	C2	-	0.536394	0.536394	6.900338	4	2	4	1	0.000000	0.487374	0.134190	0.940649	0.484563	0.914881	0.982266	0.496492	0.965091	0.003531	0.491302
B132	A23	A256	C2	-	0.548686	0.548686	7.035545	4	3	3	1	0.000000	0.684375	0.087861	0.940649	0.011854	0.968943	0.982266	0.496492	0.974049	0.474423	0.414632
B133	A245	A1006	C2	-	0.560088	0.560088	7.278998	4	2	2	3	0.000000	0.934788	0.009627	0.927021	0.317234	0.499993	0.965923	0.341458	0.701723	0.476200	0.986997
B134	A245	A1006	C2	-	0.661667	0.661667	8.144361	6	2	1	2	0.000000	0.959949	0.969397	0.953188	0.029370	0.972822	0.975766	0.489648	0.652290	0.288909	0.986997
B135	A245	A1006	C2	-	0.619161	0.619161	7.810775	4	2	3	2	0.000000	0.674695	0.488395	0.969923	0.029370	0.499993	0.970844	0.778284	0.932355	0.476200	0.990715
B136	A25	A1003	C2	G2	0.560594	0.560594	7.284573	3	2	4	2	0.000000	0.558204	0.488448	0.945132	0.288227	0.505653	0.985954	0.072237	0.847831	0.489425	0.985428
B137	A25	A1003	C2	G2	0.587398	0.587398	7.579414	4	2	4	1	0.000000	0.534135	0.488448	0.925234	0.005966	0.505653	0.985954	0.427446	0.642911	0.967650	0.977982
B138	A25	A1003	C2	G2	0.595069	0.595069	7.545761	5	2	2	2	0.000000	0.500689	0.974915	0.927572	0.288227	0.544444	0.985955	0.072237	0.306088	0.967650	0.977982
B139	A25	A1005	C2	G2	0.616966	0.616966	7.786630	5	1	2	3	0.000000	0.512591	0.489944	0.942853	0.399072	0.974704	0.996045	0.144474	0.385685	0.948181	0.993081
B14	A1006	A1005	C2	-	0.636276	0.636276	7.865065	5	2	1	3	0.000000	0.884435	0.084592	0.954055	0.297112	0.926436	0.989545	0.764116	0.596732	0.516388	0.985631
B140	A25	A1005	C2	G2	0.680725	0.680725	8.195082	6	1	1	3	0.000000	0.512591	0.976147	0.942853	0.294193	0.974704	0.996045	0.144474	0.753356	0.907980	0.985631
B141	A25	A1005	C2	G2	0.704205	0.704205	8.612279	6	1	2	2	0.000000	0.449346	0.489608	0.927102	0.294193	0.974960	0.996042	0.929065	0.752474	0.947834	0.985631
B142	A25	A1040	C2	G2	0.711569	0.711569	8.534367	6	1	2	2	0.000000	0.517522	0.969615	0.969114	0.492588	0.946435	0.985951	0.144301	0.853370	0.976698	0.971666
B143	A25	A1040	C2	G2	0.655909	0.655909	8.214999	4	1	3	3	0.000000	0.512898	0.490689	0.949219	0.297106	0.923701	0.985951	0.927973	0.853370	0.429068	0.845024
B144	A25	A1040	C2	G2	0.628552	0.628552	8.138813	4	1	6	0	0.000000	0.517522	0.969650	0.969114	0.492588	0.969569	0.985953	0.499669	0.493612	0.488945	0.527447
B145	A25	A212	C2	G2	0.564471	0.564471	7.327214	4	1	4	2	0.382020	0.169133	0.974164	0.951329	0.288227	0.494072	0.984623	0.002465	0.493952	0.970055	0.499139
B146	A25	A212	C2	G2	0.694177	0.694177	8.343059	6	2	2	1	0.033766	0.497108	0.894834	0.965410	0.447955	0.969307	0.984623	0.072236	0.836725	0.954552	0.979438
B147	A25	A212	C2	G2	0.597006	0.597006	7.433091	4	2	3	2	0.459042	0.276778	0.974094	0.931432	0.005966	0.537181	0.984623	0.072235	0.507134	0.968333	0.850248
B148	A25	A25	C2	G2	0.573804	0.573804	7.177867	5	3	2	1	0.000000	0.025631	0.976077	0.979069	0.294193	0.974704	0.996045	0.499681	0.094169	0.479193	0.993081
B149	A25	A25	C2	G2	0.535034	0.535034	6.592480	4	3	1	3	0.000000	0.107893	0.845659	0.959169	0.011932	0.977419	0.996045	0.144474	0.385399	0.479195	0.978188
B150	A25	A25	C2	G2	0.614820	0.614820	7.263015	6	2	1	2	0.000000	0.162862	0.489608	0.979069	0.011932	0.971984	0.996045	0.973186	0.242721	0.957421	0.978188
B151	A25	A27	C2	G2	0.494373	0.494373	6.145205	4	2	2	3	0.000000	0.185338	0.422240	0.939273	0.011932	0.548054	0.996045	0.144471	0.240243	0.957421	0.993081
B152	A25	A27	C2	G2	0.629888	0.629888	7.635879	6	2	2	1	0.000000	0.483610	0.422240	0.959169	0.963589	0.948206	0.996045	0.929068	0.240243	0.000970	0.985631
B153b	A25	A27	C2	G2	0.548579	0.548579	6.741475	4	2	1	4	0.000000	0.185338	0.003067	0.959169	0.205502	0.757020	0.996043	0.499683	0.492936	0.957421	0.978188
B154	A25	A91	C2	G2	0.601565	0.601565	7.324317	4	3	2	2	0.000000	0.537059	0.004171	0.957295	0.492588	0.971843	0.974531	0.972044	0.834885	0.003632	0.869163
B155b	A25	A91	C2	G2	0.391960	0.391960	5.311562	1	3	4	3	0.000000	0.554414	0.004171	0.866603	0.080400	0.493813	0.974531	0.135543	0.477728	0.213022	0.511338
B156	A25	A91	C2	G2	0.534354	0.534354	7.102636	2	2	3	4	0.000000	0.537059	0.004171	0.762581	0.492588	0.972075	0.974531	0.499082	0.518007	0.484196	0.633601
B157	A251	A1005	C2	G1	0.712453	0.712453	8.544094	5	1	1	4	0.000000	0.721518	0.474332	0.929337	0.297111	0.923615	0.996045	0.927858	0.857386	0.752843	0.956940
B158	A251	A1005	C2	G1	0.802438	0.802438	9.326818	7	1	1	2	0.000000	0.879206	0.892482	0.940453	0.973127	0.969323	0.996045	0.993221	0.857386	0.477116	0.848458
B159	A251	A1005	C2	-	0.667645	0.667645	8.210126	4	1	1	5	0.000000	0.879206	0.844985	0.929337	0.297111	0.933705	0.996044	0.498646	0.837325	0.279283	0.848458
B15b	A1006	A1005	C2	-	0.670197	0.670197	8.372172	4	1	2	4	0.000000	0.934939	0.502388	0.923006	0.778035	0.536922	0.979700	0.337879	0.557424	0.843690	0.978188
B16	A1006	A1006	C2	-	0.632910	0.632910	7.962014	5	2	3	1	0.000000	0.977472	0.457328	0.933705	0.081185	0.488405	0.963358	0.664529	0.921414	0.488988	0.985631
B160	A251	A1040	C2	G1	0.617274	0.617274	7.497120	4	2	2	3	0.000000	0.533189	0.005253	0.967887	0.497418	0.916053	0.985952	0.852851	0.957403	0.245091	0.828917
B161	A251	A1040	C2	G1	0.602363	0.602363	7.625992	4	2	4	1	0.000000	0.506495	0.484398	0.967887	0.012168	0.959243	0.985952	0.498474	0.900120	0.482338	0.828917
B162	A251	A1040	C2	G1	0.651845	0.651845	8.036317	6	2	2	1	0.000000	0.505365	0.968543	0.967887	0.406983	0.920883	0.985952	0.026113	0.957403	0.488187	0.942977
B163	A251	A167	C2	G1	0.588811	0.588811	7.184030	4	3	2	2	0.481233	0.035675	0.906004	0.934121	0.006084	0.479600	0.996044	0.002457	0.820635	0.967972	0.847100
B164	A251	A167	C2	G1	0.649160	0.649160	8.140762	5	2	2	2	0.012895	0.695453	0.488284	0.934121	0.456826	0.915546	0.996044	0.002458	0.714051	0.957829	0.967255
B165	A251	A167	C2	G1	0.592741	0.592741	7.386180	5	3	2	1	0.012895	0.489841	0.906064	0.934121	0.006084	0.532960	0.996044	0.002457	0.714051	0.957829	0.967809
B166	A251	A211	C2	G1	0.640961	0.640961	8.050571	4	1	2	4	0.033764	0.475001	0.634992	0.937288	0.293945	0.908858	0.984622	0.384363	0.728588	0.956074	0.713076
B167	A251	A211	C2	G1	0.646300	0.646300	7.975324	6	2	3	0	0.459042	0.940495	0.411441	0.959524	0.040594	0.887256	0.984622	0.072057	0.907608	0.495916	0.950744
B168	A251	A211	C2	G1	0.598750	0.598750	7.810990	4	1	5	1	0.437579	0.474608	0.411441	0.959524	0.006084	0.915336	0.984622	0.384363	0.575013	0.486930	0.950744
B169	A251	A251	C2	G1	0.684291	0.684291	8.234308	6	2	2	1	0.000000	0.501119	0.973818	0.976609	0.012168	0.932723	0.996044	0.498467	0.960473	0.957040	0.718741
B170	A251	A251	C2	G1	0.601040	0.601040	6.611436	5	3	0	3	0.000000	0.244511	0.029141	0.954371	0.012168	0.870944	0.996044	0.926810	0.845907	0.904331	0.827209
B171c	A251	A251	C2	G1	0.572710	0.572710	7.165833	5	2	3	1	0.000000	0.500528	0.171994	0.954371	0.012168	0.874509	0.996044	0.498465	0.960473	0.395563	0.935692
B172b	A251	A27	C2	G1	0.655928	0.655928	8.081228	5	2	2	2	0.000000	0.087342	0.810064	0.935704	0.492589	0.916031	0.996044	0.498510	0.585356	0.929188	0.964375
B173	A251	A27	C2	G1	0.642625	0.642625	8.186907	5	1	2	3	0.000000	0.430552	0.542724	0.955603	0.297111	0.916031	0.996044	0.993224	0.494400	0.478808	0.964375
B174	A251	A27	C2	G1	0.516910	0.516910	6.686008	3	3	1	4	0.000000	0.430552	0.351151	0.955603	0.904781	0.493124	0.996044	0.070308	0.585356	0.050631	0.848458
B175	A251	A37	C2	G1	0.582376	0.582376	6.906137	5	3	1	2	0.000000	0.553303	0.028530	0.943962	0.067257	0.932771	0.985957	0.249301	0.955337	0.745434	0.944284
B176	A251	A37	C2	G1	0.517274	0.517274	6.397117	5	4	2	0	0.000000	0.404953	0.015839	0.943962	0.016934	0.924748	0.985957	0.005394	0.954784	0.483609	0.953830
B177	A251	A37	C2	G1	0.646554	0.646554	7.978118	6	2	3	0	0.000000	0.478031	0.410419	0.943962	0.007470	0.932771	0.985957	0.486859	0.958108	0.954686	0.953830
B178	A251	A88	C2	G1	0.663227	0.663227	8.413536	5	1	3	2	0.000000	0.656898	0.487473	0.969210	0.292269	0.530991	0.982266	0.497496	0.948605	0.974060	0.956235
B179	A251	A88	C2	G1	0.568230	0.568230	7.250531	4	2	2	3	0.000000	0.526125	0.969625	0.969210	0.011854	0.462368	0.982266	0.497496	0.662379	0.212974	0.956235
B17b	A1006	A1006	C2	-	0.689536	0.689536	8.702925	5	1	3	2	0.000000	0.977110	0.458736	0.967839	0.497421	0.488405	0.963358	0.664502	0.629500	0.952390	0.985631
B18	A1006	A1006	C2	-	0.651019	0.651019	8.161209	5	1	2	3	0.000000	0.977472	0.893122	0.954534	0.497419	0.488405	0.973201	0.553937	0.629500	0.215431	0.978188
B180	A251	A88	C2	G1	0.639165	0.639165	7.896836	6	2	2	1	0.000000	0.914666	0.387204	0.986373	0.890035	0.530991	0.982266	0.430802	0.948605	0.003633	0.956235
B181	A251	A9	C2	G1	0.642806	0.642806	7.936887	5	2	3	1	0.000000	0.490408	0.910085	0.781882	0.006084	0.973902	0.580967	0.426410	0.975465	0.965002	0.960659
B182	A251	A9	C2	G1	0.597103	0.597103	7.568133	3	2	3	3	0.000000	0.490408	0.577689	0.804117	0.293945	0.956299	0.580967	0.072059	0.975465	0.965002	0.852183
B183	A251	A9	C2	G1	0.668687	0.668687	7.355554	5	3	0	3	0.000000	0.948214	0.979424	0.781882	0.006084	0.924476	0.850765	0.072059	0.975465	0.965002	0.852183
B185	A256	A1006	C2	-	0.625145	0.625145	7.876591	5	2	2	2	0.000000	0.955171	0.031493	0.957960	0.300029	0.498407	0.979452	0.707201	0.958330	0.974381	0.514168
B187	A256	A167	C2	-	0.498642	0.498642	6.709802	2	2	4	3	0.093648	0.466445	0.315000	0.925401	0.006084	0.503978	0.985952	0.430804	0.742895	0.497264	0.517587
B188	A256	A167	C2	-	0.588707	0.588707	7.475778	4	2	3	2	0.481233	0.930488	0.007134	0.925401	0.293943	0.035030	0.985952	0.496007	0.825509	0.977495	0.517587
B189	A256	A167	C2	-	0.615856	0.615856	7.999161	3	1	5	2	0.400489	0.710909	0.488764	0.925401	0.456825	0.471698	0.985952	0.002459	0.832490	0.994073	0.505356
B19	A1006	A1040	C2	-	0.652052	0.652052	7.879676	6	1	2	2	0.000000	0.977472	0.147639	0.977294	0.497420	0.872718	0.969609	0.289393	0.931949	0.974182	0.534892
B190	A256	A245	C2	-	0.603232	0.603232	7.753584	4	2	3	2	0.000000	0.652394	0.004279	0.953319	0.559503	0.517057	0.972174	0.993701	0.969664	0.497929	0.515529
B191	A256	A245	C2	-	0.586236	0.586236	7.448596	4	2	2	3	0.000000	0.437307	0.974106	0.953319	0.317230	0.474143	0.972174	0.828146	0.969664	0.006978	0.515529
B192	A256	A245	C2	-	0.625291	0.625291	8.102945	4	1	4	2	0.000000	0.436109	0.974106	0.953319	0.559503	0.517057	0.972174	0.476340	0.969664	0.504398	0.515529
B193	A256	A251	C2	G1	0.610025	0.610025	7.710280	5	2	1	3	0.000000	0.723680	0.493644	0.967887	0.300029	0.968943	0.985952	0.926810	0.965348	0.000991	0.376996
B194	A256	A251	C2	G1	0.549404	0.549404	7.268191	3	2	4	2	0.000000	0.726875	0.491983	0.945649	0.012169	0.551854	0.985952	0.498466	0.965348	0.488154	0.376996
B195	A256	A251	C2	G1	0.510752	0.510752	6.618276	4	3	3	1	0.000000	0.263998	0.493251	0.945649	0.913652	0.493819	0.985952	0.070142	0.965348	0.000993	0.485473
B196b	A256	A256	C2	-	0.702019	0.702019	8.429316	7	2	0	2	0.000000	0.932088	0.494362	0.959165	0.406987	0.967110	0.975860	0.970824	0.984188	0.996371	0.035256
B197	A256	A256	C2	-	0.566720	0.566720	7.099944	5	3	2	1	0.000000	0.932870	0.494364	0.959165	0.300028	0.089660	0.975860	0.970824	0.977202	0.498690	0.035256
B198	A256	A256	C2	-	0.499376	0.499376	6.359159	4	4	2	1	0.000000	0.713086	0.410943	0.959165	0.012169	0.466795	0.975860	0.004918	0.970224	0.944718	0.035256
B199	A256	A27	C2	-	0.450229	0.450229	6.070548	2	3	3	3	0.000000	0.707904	0.143838	0.949219	0.012050	0.483902	0.985952	0.070309	0.603676	0.488943	0.506721
B2	A1003	A1003	C2	-	0.603129	0.603129	6.634423	6	4	0	1	0.000000	0.976304	0.973824	0.915870	0.000000	0.076149	0.975864	0.000000	0.760763	0.977879	0.977770
B20	A1006	A1040	C2	-	0.552880	0.552880	6.788791	5	3	2	1	0.000000	0.977472	0.471479	0.956846	0.112812	0.442845	0.979452	0.224160	0.931949	0.013002	0.971666
B200	A256	A27	C2	-	0.658983	0.658983	8.366846	5	1	4	1	0.000000	0.404434	0.908594	0.969114	0.492591	0.509168	0.985952	0.927862	0.610661	0.926269	0.514168
B201	A256	A27	C2	-	0.625941	0.625941	8.110098	4	1	4	2	0.000000	0.707904	0.908693	0.949219	0.297110	0.923065	0.985952	0.499638	0.610661	0.488943	0.514168
B202	A27	A1003	C2	-	0.582780	0.582780	7.528619	4	2	3	2	0.000000	0.557947	0.488347	0.927572	0.288227	0.075162	0.985954	0.497217	0.694126	0.918050	0.977982
B203	A27	A1003	C2	-	0.597598	0.597598	7.691614	4	2	3	2	0.000000	0.602869	0.600042	0.945132	0.288227	0.501952	0.985954	0.002464	0.693863	0.967650	0.985428
B204	A27	A1003	C2	-	0.613954	0.613954	7.619517	5	3	0	3	0.000000	0.642992	0.610060	0.945132	0.005966	0.961500	0.985954	0.002464	0.646346	0.967650	0.985428
B205	A27	A1005	C2	-	0.684727	0.684727	8.531998	6	1	2	2	0.000000	0.538489	0.489261	0.907204	0.294193	0.948206	0.996043	0.929068	0.495723	0.948181	0.985631
B206	A27	A1005	C2	-	0.720510	0.720510	8.791630	6	1	1	3	0.000000	0.851845	0.907805	0.881515	0.294193	0.582289	0.996043	0.973190	0.497464	0.948181	0.993081
B207	A27	A1005	C2	-	0.712206	0.712206	8.541369	7	2	0	2	0.000000	0.921503	0.114744	0.891452	0.576454	0.967117	0.996043	0.929068	0.496619	0.948181	0.993081
B208	A27	A1040	C2	-	0.603199	0.603199	7.753227	4	2	4	1	0.000000	0.932527	0.483047	0.969114	0.080400	0.969261	0.985952	0.499095	0.699405	0.488945	0.527447
B209	A27	A1040	C2	-	0.549484	0.549484	7.162357	3	2	4	2	0.000000	0.946126	0.016608	0.949219	0.297106	0.498033	0.985952	0.499095	0.492379	0.488945	0.870861
B21	A1006	A1040	C2	-	0.528006	0.528006	7.032812	3	2	3	3	0.000000	0.977472	0.091907	0.957960	0.300039	0.466852	0.969609	0.334697	0.701314	0.473325	0.534892
B210b	A27	A1040	C2	-	0.600707	0.600707	7.725806	4	2	3	2	0.000000	0.932527	0.422347	0.969114	0.488119	0.964673	0.985952	0.499095	0.699405	0.010579	0.635961
B211	A27	A27	C2	-	0.656930	0.656930	7.933332	6	2	1	2	0.000000	0.224635	0.914643	0.959169	0.487761	0.116437	0.996044	0.973192	0.618733	0.957421	0.978188
B212	A27	A27	C2	-	0.556874	0.556874	7.125616	4	1	4	2	0.000000	0.139591	0.458734	0.939273	0.895910	0.501263	0.996044	0.499681	0.237718	0.479215	0.978188
B213	A27	A27	C2	-	0.619050	0.619050	7.927587	4	1	3	3	0.000000	0.612229	0.580483	0.959169	0.487761	0.962248	0.996044	0.499682	0.239662	0.479193	0.993081
B214	A27	A91	C2	-	0.599928	0.599928	7.717245	4	1	3	3	0.000000	0.660009	0.248792	0.886504	0.492588	0.556056	0.974530	0.972047	0.376921	0.493178	0.938585
B215	A27	A91	C2	-	0.527799	0.527799	6.805794	4	3	2	2	0.000000	0.953243	0.016817	0.928675	0.080400	0.536879	0.974530	0.433806	0.273580	0.974264	0.633601
B216	A27	A91	C2	-	0.525767	0.525767	6.901471	1	2	5	3	0.000000	0.814626	0.472624	0.742685	0.492588	0.536879	0.974530	0.004924	0.475717	0.764974	0.503890
B217	A290	A167	C2	-	0.516534	0.516534	6.388985	4	4	2	1	0.481233	0.506493	0.016492	0.920538	0.006118	0.071921	0.985952	0.002179	0.735357	0.969963	0.985632
B218	A290	A167	C2	-	0.574794	0.574794	7.322739	3	2	3	3	0.012896	0.506493	0.820085	0.920538	0.001387	0.513701	0.985952	0.346040	0.735357	0.482425	0.997865
B219	A290	A167	C2	-	0.572846	0.572846	6.801305	5	4	1	1	0.093648	0.952789	0.482603	0.920538	0.001387	0.071170	0.985952	0.002203	0.817971	0.987414	0.985631
B220	A290	A256	C2	-	0.558995	0.558995	7.014974	4	3	3	1	0.000000	0.955171	0.494020	0.954302	0.007471	0.497650	0.975860	0.004662	0.962685	0.781599	0.515529
B221b	A290	A256	C2	-	0.554978	0.554978	7.104762	4	2	4	1	0.000000	0.952032	0.488897	0.954302	0.204880	0.499473	0.975860	0.004662	0.962685	0.546443	0.515529
B222	A290	A256	C2	-	0.482764	0.482764	6.310405	3	4	3	1	0.000000	0.738887	0.490766	0.954302	0.046710	0.066937	0.975860	0.069886	0.962685	0.488843	0.515529
B223	A33	A1005	C2	-	0.650254	0.650254	7.859898	5	2	1	3	0.000000	0.721518	0.015899	0.942853	0.289613	0.971984	0.996045	0.927975	0.775684	0.525591	0.985631
B224	A33	A1005	C2	-	0.696733	0.696733	8.371170	6	2	1	2	0.000000	0.689742	0.932463	0.891459	0.007352	0.974704	0.996045	0.927975	0.774709	0.483984	0.985631
B225	A33	A1005	C2	-	0.628278	0.628278	7.618163	6	3	1	1	0.000000	0.481962	0.009577	0.942853	0.007352	0.972242	0.996043	0.927975	0.632545	0.954876	0.985631
B226	A33	A1040	C2	-	0.565639	0.565639	7.088056	4	3	3	1	0.000000	0.521553	0.090796	0.959165	0.462939	0.946435	0.985952	0.070150	0.736684	0.476692	0.971666
B227b	A33	A1040	C2	-	0.480571	0.480571	5.786282	5	5	1	0	0.000000	0.550966	0.010658	0.959165	0.007469	0.923701	0.985952	0.004918	0.875698	0.003532	0.964224
B228	A33	A1040	C2	-	0.586230	0.586230	7.673271	3	1	5	2	0.000000	0.507262	0.471479	0.959165	0.304785	0.974128	0.985952	0.498507	0.737933	0.474422	0.534892
B229	A33	A212	C2	-	0.604999	0.604999	7.654989	5	2	3	1	0.382020	0.931375	0.916419	0.955458	0.010850	0.491354	0.979701	0.002458	0.875539	0.482333	0.627481
B22b	A1006	A167	C2	-	0.491862	0.491862	6.528511	3	3	4	1	0.012896	0.505973	0.010921	0.943531	0.491336	0.488175	0.989544	0.000524	0.481940	0.489136	0.996503
B23	A1006	A167	C2	-	0.613194	0.613194	7.745130	5	2	1	3	0.093648	0.937272	0.329404	0.943531	0.491336	0.018035	0.989544	0.332265	0.671299	0.955505	0.983292
B230	A33	A212	C2	-	0.579521	0.579521	7.240757	4	3	2	2	0.012301	0.454128	0.916419	0.955458	0.006118	0.493841	0.989544	0.002458	0.721291	0.972925	0.850248
B231	A33	A212	C2	-	0.544189	0.544189	6.852105	4	3	3	1	0.459042	0.454128	0.029593	0.955458	0.006118	0.969307	0.979701	0.002458	0.875539	0.755596	0.499139
B232b	A33	A25	C2	G2	0.631939	0.631939	7.817356	5	2	2	2	0.000000	0.409181	0.765832	0.949219	0.007352	0.971984	0.996043	0.498521	0.412693	0.954876	0.985631
B233	A33	A25	C2	G2	0.640058	0.640058	7.906662	6	2	1	2	0.000000	0.097703	0.932463	0.949219	0.289613	0.971984	0.996043	0.499648	0.363458	0.954876	0.985631
B234c	A33	A25	C2	G2	0.544035	0.544035	6.850414	5	3	1	2	0.000000	0.345471	0.932463	0.969114	0.016816	0.972242	0.996043	0.004924	0.277715	0.483984	0.985616
B235b	A33	A27	C2	-	0.571143	0.571143	7.400606	4	2	3	2	0.000000	0.390136	0.409066	0.949219	0.016816	0.548054	0.996044	0.993266	0.517800	0.483984	0.978188
B236	A33	A27	C2	-	0.559762	0.559762	7.382131	3	2	5	1	0.000000	0.598434	0.010309	0.949219	0.454072	0.548054	0.996044	0.499094	0.632545	0.483984	0.985631
B237	A33	A27	C2	-	0.613616	0.613616	7.867807	4	1	2	4	0.000000	0.342530	0.827373	0.949219	0.299077	0.967117	0.996044	0.433807	0.482017	0.474401	0.978188
B238	A33	A33	C2	-	0.631401	0.631401	7.945407	5	2	3	1	0.000000	0.500528	0.888779	0.959166	0.012235	0.974708	0.996044	0.498507	0.658061	0.479192	0.978188
B239	A33	A33	C2	-	0.620661	0.620661	7.827276	5	2	3	1	0.000000	0.500528	0.415669	0.959166	0.021700	0.977419	0.996044	0.498507	0.520283	0.952330	0.985631
B240	A33	A33	C2	-	0.649832	0.649832	8.148153	4	2	1	4	0.000000	0.708422	0.815283	0.959166	0.012235	0.972242	0.996044	0.498507	0.521532	0.679092	0.985631
B241	A37	A1005	C2	-	0.601809	0.601809	7.619898	4	2	2	3	0.000000	0.566971	0.505164	0.941164	0.289613	0.974704	0.985959	0.003957	0.851697	0.525590	0.975079
B242	A37	A1005	C2	-	0.730478	0.730478	8.742366	6	1	1	3	0.000000	0.725868	0.895912	0.887932	0.289613	0.972242	0.985959	0.498171	0.851697	0.954877	0.972989
B243	A37	A1005	C2	-	0.629073	0.629073	7.785828	4	2	2	3	0.000000	0.631885	0.403649	0.941164	0.016816	0.977419	0.985959	0.427516	0.851466	0.709901	0.974028
B244	A37	A1040	C2	-	0.658370	0.658370	8.108094	6	2	1	2	0.000000	0.603556	0.876895	0.957476	0.304785	0.974128	0.975865	0.003951	0.951715	0.974153	0.619543
B245	A37	A1040	C2	-	0.677595	0.677595	8.571581	5	1	4	1	0.000000	0.603556	0.482236	0.957476	0.462939	0.928524	0.975865	0.497539	0.951715	0.974153	0.619543
B246	A37	A1040	C2	-	0.730315	0.730315	8.899495	6	1	3	1	0.000000	0.603556	0.875487	0.957476	0.462939	0.971296	0.975865	0.426515	0.951715	0.974153	0.834467
B247	A37	A211	C2	G3	0.638548	0.638548	7.890049	4	2	2	3	0.459042	0.828893	0.815303	0.949112	0.006118	0.966457	0.974535	0.000745	0.916649	0.499781	0.607389
B248	A37	A211	C2	G3	0.548840	0.548840	7.155277	3	2	5	1	0.459042	0.736548	0.422445	0.949112	0.006118	0.493841	0.974535	0.000001	0.516517	0.519737	0.959346
B249	A37	A211	C2	G3	0.567760	0.567760	7.363392	4	2	5	0	0.459042	0.526857	0.421033	0.949112	0.010850	0.966589	0.974535	0.000237	0.485889	0.482332	0.968881
B24b	A1006	A167	C2	-	0.555448	0.555448	7.109928	4	3	3	1	0.481233	0.952789	0.086541	0.943531	0.491336	0.018035	0.989544	0.000524	0.671299	0.491804	0.983292
B25	A1006	A211	C2	G3	0.566216	0.566216	7.094400	4	3	2	2	0.012301	0.945798	0.850829	0.932086	0.006082	0.487182	0.968279	0.001213	0.905319	0.491804	0.627481
B250	A37	A212	C2	-	0.566571	0.566571	7.350320	4	2	2	3	0.356017	0.494980	0.878341	0.953770	0.001385	0.534722	0.969614	0.001219	0.935068	0.499781	0.607389
B251	A37	A212	C2	-	0.531106	0.531106	6.842165	4	3	3	1	0.459042	0.494980	0.028445	0.939689	0.006118	0.969076	0.979457	0.001219	0.943304	0.489764	0.531071
B252	A37	A212	C2	-	0.552273	0.552273	7.075002	4	2	3	2	0.459042	0.238150	0.485234	0.953770	0.001385	0.923494	0.979457	0.001444	0.943304	0.482332	0.607389
B253	A37	A25	C2	G2	0.526509	0.526509	6.498706	4	4	2	1	0.000000	0.102587	0.014738	0.967427	0.007352	0.976957	0.985956	0.428862	0.850752	0.483982	0.972989
B254	A37	A25	C2	G2	0.619450	0.619450	7.521058	5	2	2	2	0.000000	0.270467	0.405324	0.960259	0.007352	0.977419	0.985959	0.427516	0.850752	0.954877	0.974028
B255	A37	A25	C2	G2	0.566962	0.566962	7.354613	4	1	4	2	0.000000	0.196220	0.405331	0.947531	0.289613	0.974704	0.985956	0.498705	0.491127	0.474402	0.972989
B256	A37	A27	C2	-	0.579434	0.579434	7.491806	4	2	3	2	0.000000	0.543103	0.405975	0.947531	0.454072	0.965993	0.985957	0.498702	0.593849	0.003510	0.975079
B257	A37	A27	C2	-	0.508836	0.508836	6.715235	3	3	3	2	0.000000	0.543103	0.014637	0.947531	0.007352	0.548054	0.985957	0.498708	0.593849	0.483982	0.974028
B258	A37	A27	C2	-	0.602527	0.602527	7.852547	3	1	3	4	0.000000	0.543103	0.742369	0.898184	0.289613	0.544469	0.985957	0.427520	0.696970	0.525590	0.974028
B259b	A37	A33	C2	-	0.548545	0.548545	6.900020	5	3	1	2	0.000000	0.516120	0.028969	0.957477	0.012235	0.974704	0.985957	0.432109	0.873079	0.279316	0.974028
B26	A1006	A211	C2	G3	0.502665	0.502665	6.647354	3	3	4	1	0.012301	0.945798	0.417732	0.968934	0.456832	0.056104	0.968279	0.016746	0.670751	0.509255	0.506587
B260b	A37	A33	C2	-	0.511714	0.511714	6.335958	4	4	1	2	0.000000	0.390136	0.015449	0.957477	0.012235	0.977188	0.985957	0.003949	0.833240	0.479192	0.974028
B261	A37	A33	C2	-	0.645518	0.645518	7.600702	5	3	0	3	0.000000	0.662140	0.852228	0.957477	0.002771	0.974704	0.985957	0.003949	0.734065	0.952331	0.975079
B262	A37	A37	C2	-	0.479270	0.479270	5.271973	5	4	0	2	0.000000	0.224635	0.027816	0.955787	0.002771	0.974704	0.975870	0.002448	0.949096	0.205946	0.952899
B263	A37	A37	C2	-	0.569423	0.569423	7.129673	5	3	2	1	0.000000	0.543103	0.421039	0.955787	0.012235	0.971984	0.975870	0.002443	0.949096	0.479191	0.952899
B264	A37	A37	C2	-	0.569670	0.569670	7.132398	5	3	2	1	0.000000	0.543103	0.421039	0.955787	0.012235	0.974704	0.975870	0.002448	0.949096	0.479191	0.952899
B265	A6	A1005	C2	-	0.664402	0.664402	8.015523	5	2	1	3	0.000000	0.407538	0.901898	0.866252	0.288227	0.976055	0.984168	0.072237	0.870856	0.963204	0.977982
B266	A6	A1005	C2	-	0.702964	0.702964	8.598627	5	1	2	3	0.000000	0.407538	0.901898	0.866252	0.288227	0.976055	0.984165	0.497214	0.870066	0.963204	0.977982
B267	A6	A1005	C2	-	0.687664	0.687664	8.271416	6	2	2	1	0.000000	0.475954	0.901958	0.917635	0.005966	0.973337	0.984168	0.486593	0.870066	0.963204	0.985428
B268	A88	A1005	C2	-	0.623869	0.623869	7.980592	4	1	4	2	0.000000	0.881931	0.484264	0.909950	0.289351	0.513454	0.982268	0.497215	0.845517	0.481939	0.976669
B269	A88	A1005	C2	-	0.617014	0.617014	7.653179	3	2	2	4	0.000000	0.827269	0.841127	0.909806	0.289351	0.514346	0.982265	0.072308	0.845517	0.527680	0.977485
B27	A1006	A211	C2	G3	0.530624	0.530624	6.836867	4	3	2	2	0.089329	0.945798	0.417732	0.949598	0.293958	0.013547	0.978122	0.001406	0.683579	0.491804	0.971992
B270	A88	A1005	C2	-	0.614325	0.614325	7.623597	4	2	2	3	0.000000	0.934369	0.484276	0.956650	0.289351	0.518750	0.982268	0.003951	0.845517	0.764955	0.977485
B271	A88	A1040	C2	-	0.562516	0.562516	7.053696	4	3	3	1	0.000000	0.958991	0.482214	0.940649	0.011854	0.533637	0.972174	0.002461	0.945535	0.503283	0.836873
B272	A88	A1040	C2	-	0.620893	0.620893	7.829822	5	2	3	1	0.000000	0.958991	0.482214	0.940649	0.484560	0.511205	0.972174	0.067694	0.945535	0.503283	0.963518
B273	A88	A1040	C2	-	0.663967	0.663967	8.421670	5	1	4	1	0.000000	0.920307	0.482214	0.940682	0.572674	0.462800	0.972174	0.496049	0.945535	0.993526	0.517675
B274	A88	A211	C2	G3	0.650562	0.650562	8.274220	5	1	3	2	0.459042	0.916488	0.404897	0.968334	0.278739	0.504058	0.970844	0.001486	0.697778	0.992297	0.962221
B275	A88	A211	C2	G3	0.595517	0.595517	7.550692	5	2	4	0	0.382020	0.888633	0.890563	0.969290	0.433209	0.054968	0.970844	0.000744	0.479709	0.982278	0.498434
B276	A88	A211	C2	G3	0.610076	0.610076	7.576858	5	2	2	2	0.382020	0.888633	0.890563	0.969290	0.278739	0.033346	0.970844	0.000744	0.479709	0.974848	0.842096
B277	A88	A212	C2	-	0.572038	0.572038	7.158447	5	3	2	1	0.382020	0.593405	0.486063	0.959866	0.005769	0.032825	0.975766	0.000741	0.945378	0.948366	0.962221
B278	A88	A212	C2	-	0.547355	0.547355	6.886925	4	3	3	1	0.459042	0.755764	0.390210	0.973947	0.005769	0.032825	0.975766	0.001486	0.945378	0.982278	0.498434
B279	A88	A212	C2	-	0.606081	0.606081	7.666896	5	2	2	2	0.012301	0.918122	0.968813	0.973947	0.278739	0.501886	0.965923	0.000001	0.945378	0.482456	0.619331
B28	A1006	A251	C2	G1	0.774034	0.774034	9.221481	6	1	1	3	0.000000	0.971564	0.493788	0.949174	0.913659	0.919894	0.979701	0.787569	0.688405	0.954715	0.855905
B280	A88	A25	C2	G2	0.534820	0.534820	6.883020	3	2	4	2	0.000000	0.472240	0.130619	0.950424	0.011736	0.531595	0.982268	0.498703	0.844572	0.484197	0.976669
B281	A88	A25	C2	G2	0.533447	0.533447	6.867917	4	3	4	0	0.000000	0.480812	0.968475	0.930736	0.011736	0.530952	0.982265	0.003955	0.484812	0.498311	0.975864
B282	A88	A25	C2	G2	0.502471	0.502471	6.645219	3	3	5	0	0.000000	0.525284	0.005244	0.970440	0.011736	0.531595	0.982268	0.497215	0.542539	0.484197	0.976669
B283	A88	A27	C2	-	0.490915	0.490915	6.400060	3	3	2	3	0.000000	0.688868	0.126586	0.947904	0.479733	0.123759	0.982266	0.003948	0.586934	0.484197	0.975864
B284	A88	A27	C2	-	0.542756	0.542756	6.970319	4	2	3	2	0.000000	0.874404	0.484258	0.930736	0.011736	0.141900	0.982266	0.497218	0.586934	0.484197	0.976669
B285	A88	A27	C2	-	0.494952	0.494952	6.562511	3	3	3	2	0.000000	0.554249	0.484167	0.952221	0.289351	0.508587	0.982266	0.002465	0.690868	0.003633	0.976669
B286	A88	A33	C2	-	0.607020	0.607020	7.677224	4	2	4	1	0.000000	0.523907	0.401351	0.977653	0.439326	0.534312	0.982266	0.003941	0.866899	0.971705	0.975864
B287	A88	A33	C2	-	0.564530	0.564530	7.075858	4	3	3	1	0.000000	0.487326	0.890188	0.940679	0.044613	0.530952	0.982266	0.002459	0.865741	0.488940	0.976669
B288	A88	A33	C2	-	0.534427	0.534427	6.996734	3	2	4	2	0.000000	0.450096	0.493995	0.940465	0.280125	0.534312	0.982266	0.003947	0.727884	0.488940	0.976669
B289	A88	A37	C2	-	0.621868	0.621868	7.840545	5	2	2	2	0.000000	0.688868	0.369108	0.975237	0.439326	0.515941	0.972179	0.000199	0.942917	0.971706	0.965063
B290	A88	A37	C2	-	0.587518	0.587518	7.462694	4	2	3	2	0.000000	0.821467	0.480966	0.975237	0.280125	0.534312	0.972179	0.001488	0.942917	0.488940	0.965063
B291	A88	A37	C2	-	0.534779	0.534779	6.882568	4	3	2	2	0.000000	0.602844	0.367696	0.954958	0.044613	0.531595	0.972179	0.002452	0.942917	0.488940	0.974374
B292c	A9	A1040	C2	-	0.644761	0.644761	7.592366	6	3	1	1	0.000000	0.786157	0.576762	0.906638	0.006084	0.923558	0.972414	0.002460	0.972395	0.977958	0.967940
B293	A9	A1040	C2	-	0.726793	0.726793	8.860754	6	1	3	1	0.000000	0.954902	0.974062	0.795395	0.456822	0.926662	0.972414	0.426445	0.972395	0.984468	0.531164
B294	A9	A1040	C2	-	0.662495	0.662495	7.994549	4	2	2	3	0.000000	0.787673	0.974037	0.795395	0.456822	0.928328	0.972414	0.072066	0.972395	0.487008	0.841305
B295	A91	A1003	C2	-	0.622324	0.622324	7.711588	4	2	3	2	0.000000	0.976110	0.904366	0.728654	0.456822	0.109403	0.964440	0.496048	0.738909	0.492088	0.978722
B296	A91	A1003	C2	-	0.719354	0.719354	8.778925	6	1	3	1	0.000000	0.976423	0.904366	0.945594	0.456822	0.536686	0.964440	0.426445	0.738909	0.984493	0.978722
B297	A91	A1003	C2	-	0.543553	0.543553	6.845109	3	3	3	2	0.000000	0.976423	0.489547	0.854908	0.456822	0.024765	0.964440	0.002460	0.738909	0.492088	0.978722
B298	A91	A91	C2	-	0.432708	0.432708	5.877818	2	4	2	3	0.000000	0.977472	0.481534	0.680711	0.081188	0.058728	0.953016	0.498508	0.516736	0.006295	0.505594
B299	A91	A91	C2	-	0.650518	0.650518	8.273728	4	1	3	3	0.000000	0.976555	0.481534	0.832941	0.497416	0.966324	0.953016	0.926880	0.516736	0.498698	0.505594
B29c	A1006	A251	C2	G1	0.592790	0.592790	7.386720	4	3	2	2	0.000000	0.505365	0.091408	0.954231	0.012168	0.966006	0.979701	0.716122	0.935019	0.504770	0.855905
B3	A1003	A1003	C2	-	0.624596	0.624596	7.577665	6	3	1	1	0.000000	0.975734	0.973824	0.913532	0.000000	0.497680	0.975864	0.000000	0.578275	0.977879	0.977770
B300	A91	A91	C2	-	0.593468	0.593468	7.528143	3	2	2	4	0.000000	0.977472	0.481534	0.752300	0.497416	0.491184	0.953016	0.004920	0.516736	0.991106	0.862458
B30b	A1006	A251	C2	G1	0.627172	0.627172	7.898889	3	1	3	4	0.000000	0.927518	0.493147	0.963781	0.497420	0.498891	0.984622	0.828272	0.688405	0.168375	0.848458
B31b	A1006	A27	C2	-	0.691840	0.691840	8.610235	6	1	2	2	0.000000	0.932527	0.900328	0.942022	0.493485	0.918851	0.989544	0.334728	0.596732	0.516388	0.985631
B32	A1006	A27	C2	-	0.568965	0.568965	7.258612	3	2	2	4	0.000000	0.558532	0.822432	0.968250	0.297112	0.108890	0.979701	0.334701	0.449544	0.753819	0.985631
B33	A1006	A27	C2	-	0.556381	0.556381	7.238226	3	2	3	3	0.000000	0.875164	0.520771	0.862683	0.297112	0.534375	0.989544	0.088981	0.449544	0.516388	0.985631
B34	A1040	A1003	C2	-	0.590944	0.590944	7.618414	4	2	4	1	0.000000	0.976888	0.489737	0.935179	0.006084	0.546589	0.975862	0.496048	0.948794	0.489446	0.635754
B35	A1040	A1003	C2	-	0.714937	0.714937	8.364303	7	2	0	2	0.000000	0.976888	0.968524	0.937517	0.293935	0.926637	0.975862	0.067693	0.766306	0.986926	0.964014
B36	A1040	A1003	C2	-	0.686432	0.686432	7.550755	7	3	0	1	0.000000	0.976888	0.968524	0.935179	0.006084	0.968512	0.975862	0.002460	0.766306	0.986926	0.964014
B37	A1040	A1005	C2	-	0.743341	0.743341	8.676754	7	1	1	2	0.000000	0.952850	0.233406	0.917151	0.873459	0.971827	0.985951	0.927973	0.853526	0.488945	0.971666
B38	A1040	A1005	C2	-	0.749405	0.749405	9.109480	6	1	1	3	0.000000	0.934939	0.490689	0.942853	0.582162	0.926005	0.985951	0.927973	0.853526	0.976698	0.622658
B39	A1040	A1005	C2	-	0.692475	0.692475	8.324333	5	1	2	3	0.000000	0.952850	0.483148	0.942853	0.488119	0.951410	0.985953	0.144301	0.854316	0.976698	0.837578
B4	A1005	A1003	C2	-	0.672754	0.672754	8.107401	6	2	1	2	0.000000	0.883850	0.488454	0.918867	0.288227	0.969085	0.985955	0.072237	0.847987	0.967650	0.977982
B40	A1040	A1040	C2	-	0.740372	0.740372	9.010122	7	1	2	1	0.000000	0.977472	0.437640	0.959165	0.497416	0.923131	0.975860	0.970902	0.954334	0.497919	0.950259
B41	A1040	A1040	C2	-	0.608295	0.608295	7.691240	5	2	3	1	0.000000	0.977472	0.484225	0.959165	0.300019	0.966636	0.975860	0.498508	0.954334	0.498314	0.076706
B42	A1040	A1040	C2	-	0.713790	0.713790	8.351690	7	2	1	1	0.000000	0.977472	0.402510	0.959165	0.982660	0.923131	0.975860	0.926880	0.954334	0.001013	0.748665
B43	A1040	A91	C2	-	0.653218	0.653218	8.051424	6	2	2	1	0.000000	0.977472	0.005251	0.967241	0.406976	0.971502	0.964438	0.498508	0.935847	0.493204	0.964959
B44	A1040	A91	C2	-	0.616142	0.616142	7.643589	5	2	2	2	0.000000	0.977472	0.030485	0.876553	0.300019	0.442812	0.964438	0.992095	0.735527	0.493204	0.964959
B45	A1040	A91	C2	-	0.706680	0.706680	8.639508	4	1	3	3	0.000000	0.976555	0.565578	0.752630	0.497416	0.947642	0.964438	0.992095	0.735527	0.503282	0.838321
B46b	A166	A167	C2	-	0.621914	0.621914	7.548157	5	3	1	2	0.574881	0.942847	0.010975	0.836086	0.000000	0.960838	0.996044	0.000000	0.573070	0.958618	0.987692
B47	A166	A167	C2	-	0.630872	0.630872	7.805620	4	2	2	3	0.800979	0.496649	0.873271	0.836086	0.000000	0.529073	0.996044	0.000000	0.443731	0.976072	0.987689
B48	A166	A167	C2	-	0.611563	0.611563	7.727189	4	2	3	2	0.574881	0.496649	0.428643	0.836086	0.000000	0.961201	0.996044	0.000000	0.499609	0.958618	0.975459
B49	A166	A23	C2	-	0.617305	0.617305	7.790353	4	1	4	2	0.400489	0.496913	0.932521	0.851364	0.192969	0.490193	0.992358	0.001524	0.574361	0.972926	0.884735
B5	A1005	A1003	C2	-	0.668401	0.668401	8.470440	5	1	4	1	0.000000	0.952266	0.488448	0.918867	0.481795	0.505653	0.985953	0.427446	0.646346	0.967650	0.977982
B50	A166	A23	C2	-	0.567389	0.567389	7.466022	3	2	3	3	0.400489	0.904791	0.499167	0.621297	0.005769	0.443035	0.992358	0.001524	0.716979	0.682229	0.973639
B51	A166	A23	C2	-	0.543518	0.543518	6.978695	4	3	3	1	0.012895	0.496913	0.895990	0.871167	0.038495	0.443035	0.992358	0.001515	0.565241	0.699680	0.961405
B52	A167	A1005	C2	-	0.633787	0.633787	7.837687	5	2	2	2	0.400489	0.928167	0.778611	0.909089	0.005966	0.522403	0.996045	0.072235	0.405663	0.969703	0.983292
B53	A167	A1005	C2	-	0.597625	0.597625	7.573877	4	2	3	2	0.012896	0.928167	0.421975	0.857703	0.005966	0.493868	0.996043	0.497214	0.407051	0.969703	0.983292
B54	A167	A1005	C2	-	0.533090	0.533090	6.730018	4	3	2	2	0.012896	0.413455	0.002967	0.909089	0.288227	0.493868	0.996045	0.072235	0.716761	0.974629	0.983821
B55	A167	A1040	C2	-	0.569821	0.569821	7.590909	2	1	6	2	0.012895	0.708239	0.423042	0.925401	0.491330	0.483412	0.985952	0.496047	0.734951	0.480683	0.526082
B56	A167	A1040	C2	-	0.657510	0.657510	7.939717	4	2	2	3	0.481233	0.506493	0.790155	0.925401	0.006084	0.887492	0.985952	0.002460	0.817564	0.993558	0.836220
B57	A167	A1040	C2	-	0.686049	0.686049	8.771280	4	0	6	1	0.481233	0.606583	0.423042	0.925401	0.456822	0.964149	0.985952	0.496047	0.734951	0.497264	0.975091
B58	A167	A167	C2	-	0.432202	0.432202	5.254223	4	6	0	1	0.106544	0.035513	0.115757	0.891641	0.000000	0.041563	0.996044	0.000000	0.598184	0.993519	0.975458
B59	A167	A167	C2	-	0.603371	0.603371	7.503105	4	2	3	2	0.494130	0.728916	0.423840	0.891641	0.000000	0.460036	0.996044	0.000000	0.680804	0.986211	0.975458
B6	A1005	A1003	C2	-	0.689690	0.689690	8.293699	6	2	2	1	0.000000	0.952266	0.974986	0.867484	0.039806	0.542032	0.985953	0.427446	0.847987	0.963204	0.985428
B60	A167	A167	C2	-	0.601505	0.601505	7.616551	5	2	2	2	0.413385	0.481922	0.310088	0.891641	0.000000	0.956310	0.996044	0.000000	0.598184	0.993519	0.975458
B61	A167	A211	C2	G3	0.593159	0.593159	7.524751	5	2	3	1	0.482737	0.921114	0.442051	0.917041	0.000000	0.930373	0.984622	0.000000	0.328349	0.976072	0.542391
B62	A167	A211	C2	G3	0.600504	0.600504	7.605549	4	2	2	3	0.482737	0.674323	0.827591	0.917041	0.000000	0.485965	0.984622	0.000000	0.269127	0.993519	0.970625
B63	A167	A211	C2	G3	0.609508	0.609508	7.411694	4	3	1	3	0.104087	0.921114	0.827591	0.917041	0.000000	0.460033	0.984622	0.000000	0.688079	0.960572	0.841448
B64	A167	A245	C2	-	0.483195	0.483195	6.181174	3	4	3	1	0.093648	0.465974	0.002828	0.919558	0.023286	0.029352	0.982266	0.497432	0.817971	0.485521	0.997312
B65	A167	A245	C2	-	0.674445	0.674445	8.418899	5	0	3	3	0.400489	0.910105	0.348565	0.919558	0.182068	0.972805	0.982266	0.495911	0.735357	0.485521	0.986254
B66	A167	A245	C2	-	0.625786	0.625786	7.590758	5	2	2	2	0.093648	0.203715	0.911247	0.919558	0.102677	0.972805	0.982266	0.497432	0.735357	0.479315	0.985632
B67	A167	A25	C2	G2	0.560572	0.560572	7.032321	4	3	2	2	0.012896	0.577674	0.908494	0.915456	0.005966	0.536951	0.996043	0.002465	0.716605	0.497243	0.996503
B68	A167	A25	C2	G2	0.567243	0.567243	7.105701	5	3	2	1	0.481233	0.031478	0.002848	0.935353	0.005966	0.938281	0.996045	0.497214	0.409946	0.958020	0.983292
B69	A167	A25	C2	G2	0.592621	0.592621	7.518830	4	2	4	1	0.012896	0.031478	0.430381	0.935353	0.447955	0.493868	0.996043	0.497214	0.715722	0.974629	0.983292
B7	A1005	A1005	C2	-	0.723828	0.723828	8.462103	6	2	0	3	0.000000	0.859812	0.619618	0.875152	0.011932	0.974704	0.996045	0.929065	0.752722	0.957421	0.985631
B70	A167	A27	C2	-	0.547293	0.547293	7.138260	4	2	2	3	0.400489	0.332262	0.439476	0.935353	0.447955	0.105998	0.996044	0.002463	0.405663	0.958020	0.996503
B71	A167	A27	C2	-	0.605491	0.605491	7.778433	4	1	4	2	0.400489	0.289298	0.886141	0.935353	0.481795	0.527901	0.996044	0.067849	0.605834	0.480632	0.989061
B72	A167	A27	C2	-	0.537048	0.537048	6.614630	4	4	1	2	0.012896	0.087552	0.840151	0.915456	0.005966	0.532902	0.996044	0.002463	0.562639	0.968163	0.983292
B73c	A167	A33	C2	-	0.581720	0.581720	7.264947	5	3	2	1	0.012896	0.492152	0.011480	0.925401	0.001385	0.966593	0.996044	0.496049	0.557162	0.955475	0.984285
B74	A167	A33	C2	-	0.547461	0.547461	7.246821	3	2	4	2	0.481233	0.695453	0.428482	0.925401	0.001385	0.496464	0.996044	0.002457	0.518551	0.499782	0.976825
B75	A167	A33	C2	-	0.574513	0.574513	7.437672	4	2	4	1	0.481233	0.035675	0.445687	0.925401	0.001385	0.496464	0.996044	0.430837	0.557162	0.972925	0.976825
B76	A167	A88	C2	-	0.573580	0.573580	7.309384	4	2	3	2	0.481233	0.934308	0.484034	0.942935	0.192968	0.075901	0.982266	0.001326	0.726152	0.499905	0.988356
B77	A167	A88	C2	-	0.604951	0.604951	7.654459	4	2	3	2	0.400489	0.735119	0.421938	0.906918	0.005769	0.504065	0.982266	0.000160	0.726152	0.992297	0.979286
B78	A167	A88	C2	-	0.540422	0.540422	6.810669	3	3	1	4	0.012895	0.735119	0.484034	0.906707	0.278739	0.075901	0.982266	0.001488	0.808766	0.690486	0.968242
B79	A211	A1003	C2	G3	0.555748	0.555748	6.979259	5	3	2	1	0.459042	0.945214	0.500109	0.929155	0.000000	0.064671	0.974532	0.000000	0.300479	0.968249	0.971780
B8	A1005	A1005	C2	-	0.836645	0.836645	9.203095	8	1	0	2	0.000000	0.859812	0.976077	0.875152	0.895910	0.974470	0.996045	0.929065	0.753512	0.957421	0.985631
B80	A211	A1003	C2	G3	0.568326	0.568326	7.117615	5	3	3	0	0.012301	0.945214	0.500109	0.929155	0.000000	0.491753	0.974532	0.000000	0.913895	0.985700	0.498930
B81	A211	A1003	C2	G3	0.567874	0.567874	7.112637	4	3	2	2	0.459042	0.945214	0.501519	0.926817	0.000000	0.106924	0.974532	0.000000	0.727039	0.985700	0.619824
B82b	A211	A1005	C2	G3	0.637055	0.637055	7.873627	5	2	2	2	0.437579	0.852760	0.014734	0.934489	0.481795	0.969076	0.984621	0.002465	0.395859	0.962233	0.971992
B83	A211	A1005	C2	G3	0.598287	0.598287	7.581155	4	2	4	1	0.012301	0.921176	0.409376	0.934489	0.481795	0.534463	0.984621	0.002465	0.819253	0.974629	0.506587
B84	A211	A1005	C2	G3	0.638204	0.638204	8.138276	4	1	5	1	0.012301	0.921176	0.409376	0.934489	0.481795	0.491613	0.984621	0.497213	0.818463	0.970055	0.499139
B85	A211	A1040	C2	G3	0.599219	0.599219	7.298516	6	3	2	0	0.012301	0.945798	0.889451	0.950802	0.006084	0.911731	0.974530	0.002460	0.919265	0.480683	0.498306
B86	A211	A1040	C2	G3	0.568977	0.568977	7.258748	4	3	3	1	0.012301	0.945798	0.097508	0.950802	0.491330	0.536608	0.974530	0.067693	0.706578	0.977296	0.498306
B87	A211	A1040	C2	G3	0.635531	0.635531	8.108874	4	1	3	3	0.382020	0.945618	0.452626	0.950802	0.293935	0.497257	0.974530	0.072065	0.854950	0.951258	0.615779
B88	A211	A211	C2	G3	0.556972	0.556972	6.992719	5	3	3	0	0.394321	0.914123	0.421037	0.942441	0.000000	0.960805	0.973201	0.000000	0.052500	0.976074	0.492191
B89	A211	A211	C2	G3	0.590500	0.590500	7.202606	5	3	2	1	0.471344	0.914123	0.421037	0.942441	0.000000	0.011130	0.973201	0.000000	0.820358	0.976074	0.965792
B9	A1005	A1005	C2	-	0.711356	0.711356	8.324911	6	2	1	2	0.000000	0.859812	0.489613	0.875152	0.011932	0.974960	0.996045	0.929065	0.752722	0.957421	0.978188
B90	A211	A211	C2	G3	0.590525	0.590525	7.202884	4	3	2	2	0.471344	0.914123	0.815681	0.942441	0.000000	0.095262	0.973201	0.000000	0.453607	0.993519	0.836601
B91	A211	A212	C2	G3	0.652729	0.652729	8.046049	6	2	2	1	0.471344	0.904929	0.412503	0.947098	0.000000	0.960805	0.973201	0.000000	0.902792	0.993519	0.613835
B92	A211	A212	C2	G3	0.544783	0.544783	6.992617	4	2	3	2	0.230656	0.580212	0.412503	0.933015	0.000000	0.918142	0.973201	0.000000	0.476633	0.976065	0.492191
B93	A211	A212	C2	G3	0.654303	0.654303	8.063361	6	2	3	0	0.548371	0.904929	0.495804	0.947098	0.000000	0.486505	0.968279	0.000000	0.914509	0.966048	0.965792
B94b	A211	A25	C2	G2	0.572130	0.572130	7.411469	3	2	5	1	0.033766	0.469877	0.501200	0.940856	0.447955	0.969017	0.984621	0.486589	0.117533	0.509680	0.832342
B95	A211	A25	C2	G2	0.515955	0.515955	6.900249	3	2	4	2	0.437579	0.469598	0.016143	0.950800	0.288227	0.637587	0.984623	0.002466	0.421010	0.968333	0.499139
B96b	A211	A25	C2	G2	0.589955	0.589955	7.812377	3	0	7	1	0.459042	0.506302	0.501271	0.940856	0.481795	0.969307	0.984621	0.497213	0.162715	0.487240	0.499139
B97	A211	A27	C2	G3	0.547217	0.547217	7.342266	2	1	5	3	0.033766	0.628335	0.409099	0.950800	0.288227	0.492400	0.984622	0.427448	0.818624	0.486930	0.499139
B98	A211	A27	C2	G3	0.540134	0.540134	7.264350	2	1	4	4	0.033766	0.782952	0.520934	0.950800	0.288227	0.492400	0.984622	0.427449	0.465268	0.495916	0.499139
B99	A211	A27	C2	G3	0.449333	0.449333	5.649775	3	5	1	2	0.012301	0.572063	0.014828	0.940856	0.005966	0.105009	0.984622	0.427448	0.104776	0.924551	0.850248
