Id	MS	All	QTL1	QTL2	QTL3	QTL4	QTL5	QTL6	QTL7	QTL8	QTL9	QTL10	QTL11
D	0.363636	1.000000	1.000000	1.000000	1.000000	1.000000	1.000000	1.000000	1.000000	1.000000	1.000000	1.000000	1.000000
F	0.363636	1.000000	1.000000	1.000000	1.000000	1.000000	1.000000	1.000000	1.000000	1.000000	1.000000	1.000000	1.000000
S	0.454545	1.000000	1.000000	1.000000	1.000000	1.000000	1.000000	1.000000	1.000000	1.000000	1.000000	1.000000	1.000000
X	0.272727	1.000000	1.000000	1.000000	1.000000	1.000000	1.000000	1.000000	1.000000	1.000000	1.000000	1.000000	1.000000
df	0.363636	1.000000	1.000000	1.000000	1.000000	1.000000	1.000000	1.000000	1.000000	1.000000	1.000000	1.000000	1.000000
fx	0.318182	1.000000	1.000000	1.000000	1.000000	1.000000	1.000000	1.000000	1.000000	1.000000	1.000000	1.000000	1.000000
sf	0.409091	1.000000	1.000000	1.000000	1.000000	1.000000	1.000000	1.000000	1.000000	1.000000	1.000000	1.000000	1.000000
df19_	0.419933	0.997179	1.000000	1.000000	0.969046	0.999973	1.000000	0.999993	0.999985	0.999998	0.999993	0.999982	0.999995
df21_	0.464440	0.999955	1.000000	0.999999	0.999568	0.999999	1.000000	1.000000	0.999999	0.999998	0.999969	0.999982	0.999995
df24_	0.452547	0.999996	1.000000	1.000000	0.999989	1.000000	1.000000	1.000000	0.999985	0.999998	0.999993	0.999993	0.999998
df37_	0.471661	0.999992	1.000000	0.999999	0.999938	0.999999	1.000000	1.000000	1.000000	1.000000	0.999990	0.999997	0.999995
df58_	0.570224	0.999364	1.000000	0.999997	0.993042	0.999999	1.000000	1.000000	0.999984	0.999998	0.999990	0.999993	0.999996
df59_	0.472064	0.999991	1.000000	0.999999	0.999980	0.999973	1.000000	0.999977	0.999984	1.000000	0.999999	0.999997	0.999996
df64_	0.357504	0.999889	1.000000	0.999999	0.998883	0.999994	1.000000	1.000000	0.999999	0.999911	0.999999	0.999993	0.999996
df72_	0.354819	0.997184	1.000000	1.000000	0.969046	0.999990	1.000000	1.000000	0.999999	1.000000	0.999999	0.999993	0.999995
df73_	0.375205	0.999991	1.000000	0.999999	0.999921	0.999999	1.000000	1.000000	0.999999	1.000000	0.999993	0.999997	0.999996
df77_	0.519445	0.999989	1.000000	1.000000	0.999921	0.999973	1.000000	1.000000	0.999999	0.999998	0.999990	0.999997	0.999998
df108_	0.496264	0.999983	1.000000	0.999999	0.999946	0.999999	1.000000	1.000000	0.999984	0.999911	0.999993	0.999982	0.999995
df128_	0.475082	0.999957	1.000000	0.999999	0.999600	0.999973	1.000000	0.999993	1.000000	0.999998	0.999969	0.999993	0.999998
df132_	0.485384	0.999994	1.000000	0.999999	0.999977	0.999999	1.000000	1.000000	1.000000	0.999998	0.999969	0.999997	0.999995
df137_	0.530126	0.999993	1.000000	0.999999	0.999979	0.999973	1.000000	0.999987	1.000000	0.999998	0.999999	0.999993	0.999998
fx305_	0.534955	0.999995	1.000000	1.000000	0.999979	0.999998	1.000000	0.999995	0.999995	0.999993	0.999987	0.999994	1.000000
fx319_	0.482978	0.999993	1.000000	1.000000	0.999996	0.999996	1.000000	0.999995	0.999995	0.999989	0.999963	0.999993	0.999995
fx376_	0.483913	0.999988	1.000000	1.000000	0.999996	0.999996	1.000000	0.999995	1.000000	0.999993	0.999896	0.999994	0.999997
sf648_	0.506930	0.999992	1.000000	0.999999	0.999982	0.999998	1.000000	1.000000	0.999995	0.999998	0.999951	0.999994	0.999996
sf650_	0.536694	0.999991	1.000000	0.999999	0.999998	0.999977	1.000000	1.000000	0.999995	1.000000	0.999941	0.999994	0.999998
sf655_	0.537282	0.999990	1.000000	1.000000	0.999998	0.999942	1.000000	1.000000	1.000000	0.999998	0.999959	0.999994	0.999998
sf681_	0.508395	0.999991	1.000000	1.000000	0.999983	0.999977	1.000000	1.000000	0.999995	0.999998	0.999954	0.999994	0.999998
sf683_	0.553013	0.999991	1.000000	1.000000	0.999998	0.999962	1.000000	1.000000	0.999995	0.999998	0.999959	0.999994	0.999996
sf716_	0.542751	0.999994	1.000000	1.000000	0.999998	0.999998	1.000000	1.000000	0.999995	0.999998	0.999954	0.999995	0.999998
sf740_	0.487385	0.999988	1.000000	0.999999	0.999960	0.999998	1.000000	0.999977	0.999995	0.999998	0.999951	0.999995	0.999998
sf743_	0.451453	0.999991	1.000000	0.999999	0.999983	0.999977	1.000000	1.000000	1.000000	0.999998	0.999954	0.999994	0.999996
df19	0.419790	0.996862	0.999976	1.000000	0.969045	0.999608	0.999997	0.999973	0.999968	0.999704	0.997422	0.999966	0.999827
df21	0.464275	0.999597	0.999976	0.999657	0.999186	0.997605	0.999997	1.000000	0.999733	0.999704	0.999914	0.999963	0.999827
df24	0.452406	0.999682	0.999976	1.000000	0.999987	1.000000	0.999967	0.999677	0.999968	0.999704	0.997422	0.999800	0.999998
df37	0.471499	0.999665	0.999976	0.999657	0.999645	0.997605	0.999967	0.999677	1.000000	0.999997	0.999966	0.999996	0.999827
df58	0.570103	0.999093	0.999976	0.999997	0.993024	0.997605	0.999997	1.000000	0.999984	0.999704	0.999966	0.999800	0.999975
df59	0.472019	0.999896	0.999976	0.999657	0.999750	0.999608	0.999967	0.999956	0.999984	0.999997	0.999992	0.999996	0.999975
df64	0.357351	0.999572	0.999976	0.999657	0.998856	0.997449	0.999967	1.000000	0.999733	0.999890	0.999992	0.999800	0.999973
df72	0.354789	0.997119	0.999976	1.000000	0.969045	0.999967	0.999967	1.000000	0.999733	0.999997	0.999992	0.999800	0.999827
df73	0.374927	0.999432	0.999976	0.999657	0.999724	0.997605	0.999997	0.999677	0.999733	0.999997	0.997422	0.999996	0.999973
df77	0.519406	0.999879	0.999976	1.000000	0.999724	0.999608	0.999967	1.000000	0.999733	0.999704	0.999966	0.999996	0.999998
df108	0.496000	0.999448	0.999976	0.999657	0.999622	0.997605	0.999969	1.000000	0.999984	0.999890	0.997422	0.999963	0.999834
df128	0.475036	0.999833	0.999976	0.999657	0.999565	0.999608	0.999967	0.999973	1.000000	0.999704	0.999914	0.999800	0.999998
df132	0.485172	0.999541	0.999976	0.999657	0.998597	0.997605	0.999997	0.999677	1.000000	0.999704	0.999914	0.999996	0.999827
df137	0.530082	0.999876	0.999976	0.999657	0.999942	0.999608	0.999997	0.999963	1.000000	0.999704	0.999992	0.999800	0.999998
fx305	0.534727	0.999359	1.000000	0.999997	0.998632	0.997788	1.000000	0.999663	0.999995	0.999708	0.997216	0.999949	1.000000
fx319	0.482846	0.999695	1.000000	0.999997	0.999964	0.999957	1.000000	0.999678	0.999995	0.999970	0.997316	0.999800	0.999967
fx376	0.483883	0.999898	1.000000	0.999964	0.999964	0.999957	0.999968	0.999995	0.999978	0.999708	0.999536	0.999949	0.999854
sf648	0.506780	0.999672	1.000000	0.999974	0.999940	0.999957	1.000000	1.000000	0.999664	0.999704	0.997382	0.999794	0.999973
sf650	0.536608	0.999841	1.000000	0.999622	0.999998	0.999550	0.999968	0.999677	0.999995	0.999997	0.999647	0.999794	0.999998
sf655	0.537230	0.999891	1.000000	0.999999	0.999996	0.999693	1.000000	1.000000	0.999978	0.999704	0.999642	0.999794	0.999998
sf681	0.508208	0.999519	0.999975	0.999976	0.998701	0.999550	0.999968	1.000000	0.999664	0.999704	0.997381	0.999794	0.999998
sf683	0.552983	0.999910	1.000000	0.999999	0.999943	0.999940	1.000000	1.000000	0.999995	0.999704	0.999642	0.999814	0.999975
sf716	0.542601	0.999692	0.999975	0.999999	0.999996	0.999957	0.999968	0.999677	0.999995	0.999704	0.997381	0.999961	0.999998
sf740	0.487231	0.999661	1.000000	0.999622	0.999722	0.999957	0.999968	0.999956	0.999995	0.999704	0.997382	0.999961	0.999998
sf743	0.451249	0.999484	0.999975	0.999622	0.998701	0.999550	0.999968	0.999677	0.999978	0.999704	0.997381	0.999794	0.999975
A1003_	0.641274	1.000000	1.000000	1.000000	1.000000	1.000000	1.000000	1.000000	1.000000	1.000000	1.000000	1.000000	0.999999
A1005_	0.641764	1.000000	1.000000	1.000000	1.000000	1.000000	1.000000	1.000000	1.000000	1.000000	1.000000	0.999999	0.999999
A1006_	0.610511	1.000000	1.000000	1.000000	0.999999	1.000000	1.000000	1.000000	1.000000	1.000000	1.000000	0.999998	0.999999
A1040_	0.661482	0.999999	1.000000	1.000000	1.000000	1.000000	1.000000	1.000000	1.000000	1.000000	1.000000	0.999998	0.999997
A166_	0.564320	1.000000	1.000000	1.000000	0.999999	1.000000	1.000000	1.000000	1.000000	1.000000	1.000000	1.000000	1.000000
A167_	0.577517	1.000000	1.000000	1.000000	1.000000	1.000000	1.000000	1.000000	1.000000	1.000000	1.000000	1.000000	1.000000
A211_	0.548695	1.000000	1.000000	1.000000	1.000000	1.000000	1.000000	1.000000	1.000000	1.000000	1.000000	1.000000	0.999999
A212_	0.567072	1.000000	1.000000	1.000000	0.999999	1.000000	1.000000	1.000000	1.000000	1.000000	1.000000	1.000000	0.999999
A23_	0.597842	1.000000	1.000000	1.000000	1.000000	0.999999	1.000000	1.000000	1.000000	1.000000	1.000000	0.999999	1.000000
A245_	0.565050	1.000000	1.000000	1.000000	1.000000	1.000000	1.000000	1.000000	1.000000	1.000000	1.000000	0.999999	0.999997
A25_	0.575746	1.000000	1.000000	1.000000	1.000000	1.000000	1.000000	1.000000	1.000000	1.000000	1.000000	0.999999	0.999999
A251_	0.636437	1.000000	1.000000	1.000000	1.000000	1.000000	1.000000	1.000000	1.000000	1.000000	0.999998	0.999999	1.000000
A256_	0.559893	1.000000	1.000000	1.000000	1.000000	1.000000	1.000000	1.000000	1.000000	1.000000	0.999999	0.999998	0.999999
A27_	0.576673	1.000000	1.000000	1.000000	1.000000	1.000000	1.000000	1.000000	1.000000	1.000000	1.000000	0.999999	0.999999
A290_	0.584625	1.000000	1.000000	1.000000	1.000000	1.000000	1.000000	1.000000	1.000000	1.000000	1.000000	1.000000	0.999997
A33_	0.593049	1.000000	1.000000	1.000000	0.999999	1.000000	1.000000	1.000000	1.000000	1.000000	1.000000	1.000000	0.999999
A37_	0.570580	1.000000	1.000000	1.000000	1.000000	1.000000	1.000000	1.000000	1.000000	1.000000	1.000000	0.999999	0.999999
A6_	0.596965	1.000000	1.000000	1.000000	1.000000	1.000000	1.000000	1.000000	1.000000	1.000000	1.000000	1.000000	0.999999
A88_	0.570859	1.000000	1.000000	1.000000	1.000000	0.999999	1.000000	1.000000	1.000000	1.000000	1.000000	0.999998	0.999998
A9_	0.633011	1.000000	1.000000	1.000000	1.000000	1.000000	1.000000	1.000000	1.000000	1.000000	1.000000	1.000000	0.999999
A91_	0.594011	1.000000	1.000000	1.000000	1.000000	1.000000	1.000000	1.000000	1.000000	1.000000	1.000000	0.999998	0.999999
A1003	0.641271	0.999992	0.999990	1.000000	0.999999	0.999994	1.000000	0.999949	1.000000	1.000000	0.999985	0.999996	0.999999
A1005	0.641680	0.999784	0.999968	0.999974	0.999790	0.999889	0.999994	0.999958	0.999997	0.999970	0.998238	0.999902	0.999942
A1006	0.610396	0.999766	0.999968	0.999984	0.999690	0.999138	0.999968	0.999956	0.999998	0.999974	0.999024	0.999779	0.999942
A1040	0.661463	0.999952	0.999976	0.999984	0.999897	0.999983	0.999992	0.999971	0.999999	0.999963	0.999947	0.999870	0.999892
A166	0.564249	0.999814	0.999982	1.000000	0.999326	0.999603	0.999990	0.999919	0.999997	0.999960	0.999312	0.999904	0.999964
A167	0.577466	0.999849	0.999982	0.999937	0.999270	0.999991	0.999990	0.999930	0.999997	0.999933	0.999438	0.999904	0.999964
A211	0.548658	0.999895	0.999986	1.000000	0.999926	0.999981	0.999991	0.999928	0.999998	0.999861	0.999361	0.999904	0.999907
A212	0.567038	0.999906	0.999986	0.999974	0.999702	0.999926	0.999991	0.999928	0.999998	0.999861	0.999793	0.999904	0.999907
A23	0.597773	0.999865	0.999976	0.999769	0.999733	0.999420	0.999991	0.999968	0.999999	0.999971	0.999838	0.999939	0.999915
A245	0.565028	0.999933	0.999972	0.999954	0.999586	0.999991	0.999996	0.999957	1.000000	0.999947	0.999965	0.999937	0.999955
A25	0.575656	0.999773	0.999968	0.999713	0.999790	0.999951	0.999994	0.999958	0.999997	0.999970	0.998316	0.999902	0.999942
A251	0.636341	0.999762	0.999976	0.999905	0.999741	0.999955	0.999981	0.999979	0.999997	0.999960	0.998142	0.999827	0.999915
A256	0.559878	0.999961	0.999976	0.999989	0.999894	0.999983	0.999984	0.999970	0.999999	0.999964	0.999883	0.999934	0.999992
A27	0.576584	0.999763	0.999968	0.999862	0.999615	0.999951	0.999994	0.999972	0.999997	0.999957	0.998238	0.999902	0.999942
A290	0.584604	0.999951	0.999937	0.999984	0.999896	0.999936	0.999996	0.999915	0.999999	0.999930	0.999965	0.999947	0.999955
A33	0.593019	0.999919	0.999982	0.999905	0.999690	0.999989	0.999991	0.999958	0.999997	0.999961	0.999749	0.999945	0.999942
A37	0.570556	0.999944	0.999972	0.999862	0.999962	0.999842	0.999991	0.999958	0.999999	0.999971	0.999963	0.999939	0.999929
A6	0.596964	0.999997	0.999990	1.000000	1.000000	1.000000	1.000000	1.000000	1.000000	1.000000	0.999978	0.999996	0.999999
A88	0.570798	0.999881	0.999976	0.999970	0.999542	0.999420	0.999993	0.999998	1.000000	0.999972	0.999939	0.999939	0.999940
A9	0.633010	0.999995	0.999990	0.999998	0.999981	0.999996	0.999986	1.000000	0.999997	0.999999	1.000000	0.999999	0.999999
A91	0.593935	0.999861	0.999968	0.999984	0.999955	0.999218	0.999992	0.999959	1.000000	0.999963	0.999659	0.999876	0.999897
B1	0.637707	1.000000	1.000000	1.000000	1.000000	1.000000	1.000000	1.000000	1.000000	1.000000	1.000000	1.000000	1.000000
B10	0.544088	0.999993	1.000000	0.999999	1.000000	0.999967	1.000000	0.999999	0.999999	0.999990	0.999986	0.999990	0.999991
B100	0.600976	0.999994	1.000000	1.000000	0.999977	0.999993	0.999999	1.000000	0.999998	0.999996	0.999982	0.999999	0.999995
B101	0.458394	0.999995	1.000000	1.000000	0.999997	0.999993	1.000000	1.000000	0.999998	0.999993	1.000000	0.999967	0.999995
B102	0.614265	0.999983	1.000000	1.000000	0.999992	0.999993	0.999999	0.999999	0.999998	0.999998	0.999844	0.999998	0.999993
B103	0.595114	0.999999	1.000000	1.000000	0.999999	0.999996	1.000000	0.999999	1.000000	1.000000	0.999993	0.999998	0.999998
B104	0.573857	0.999999	1.000000	1.000000	0.999999	0.999996	1.000000	1.000000	1.000000	1.000000	0.999993	0.999998	0.999999
B105	0.602275	0.999999	1.000000	1.000000	0.999998	0.999996	1.000000	1.000000	1.000000	1.000000	0.999998	0.999998	0.999999
B106	0.675927	0.999999	1.000000	1.000000	0.999999	0.999997	1.000000	0.999997	1.000000	0.999999	0.999996	0.999998	0.999999
B107	0.588727	0.999999	1.000000	1.000000	0.999999	0.999997	1.000000	0.999996	1.000000	1.000000	0.999996	0.999998	0.999999
B108	0.679189	0.999998	1.000000	1.000000	0.999998	0.999997	1.000000	0.999998	1.000000	0.999996	0.999996	0.999995	0.999999
B109	0.667540	0.999989	1.000000	0.999987	0.999992	0.999984	1.000000	0.999995	0.999996	0.999985	0.999971	0.999973	0.999992
B11	0.645051	0.999983	1.000000	0.999999	1.000000	0.999928	1.000000	0.999998	0.999999	0.999996	0.999959	0.999956	0.999974
B110	0.686340	0.999981	1.000000	0.999987	0.999987	0.999991	1.000000	0.999996	0.999996	0.999996	0.999956	0.999886	0.999995
B111	0.689112	0.999991	1.000000	0.999997	0.999991	0.999984	1.000000	0.999998	1.000000	1.000000	0.999971	0.999966	0.999995
B112	0.625717	0.999992	1.000000	0.999988	0.999999	0.999981	1.000000	0.999999	0.999997	0.999996	0.999969	0.999992	0.999995
B113	0.575640	0.999991	0.999996	0.999988	0.999993	0.999981	1.000000	0.999998	0.999998	0.999998	0.999969	0.999989	0.999996
B114	0.548605	0.999991	1.000000	0.999998	0.999977	0.999981	1.000000	0.999999	0.999999	0.999998	0.999969	0.999996	0.999983
B115	0.542517	0.999993	1.000000	0.999999	0.999962	0.999994	1.000000	1.000000	0.999999	0.999991	0.999981	0.999996	0.999996
B116	0.565603	0.999993	1.000000	0.999999	0.999994	0.999976	1.000000	1.000000	0.999999	1.000000	0.999965	0.999996	0.999997
B117	0.549589	0.999992	1.000000	0.999999	0.999970	0.999976	1.000000	0.999999	1.000000	0.999999	0.999981	0.999996	0.999998
B118	0.631432	0.999995	1.000000	1.000000	0.999983	0.999990	1.000000	1.000000	0.999998	0.999998	0.999988	0.999996	0.999993
B119	0.544515	0.999996	1.000000	1.000000	0.999994	0.999993	1.000000	0.999999	0.999998	0.999998	0.999992	0.999993	0.999992
B12	0.670774	0.999992	1.000000	0.999999	0.999991	0.999964	1.000000	1.000000	1.000000	0.999996	0.999986	0.999998	0.999980
B120	0.438548	0.999994	1.000000	0.999997	0.999996	0.999993	1.000000	1.000000	0.999999	0.999995	0.999971	0.999990	0.999993
B121	0.517398	0.999993	1.000000	0.999995	0.999994	0.999998	0.999999	0.999993	1.000000	0.999985	0.999970	0.999989	0.999996
B122	0.643726	0.999991	1.000000	0.999998	0.999981	0.999981	0.999999	1.000000	1.000000	0.999992	0.999969	0.999989	0.999996
B123	0.671691	0.999990	1.000000	0.999998	0.999988	0.999981	0.999999	1.000000	0.999998	0.999997	0.999938	0.999996	0.999990
B124	0.722306	0.999995	1.000000	1.000000	0.999997	0.999988	1.000000	0.999999	0.999997	1.000000	0.999971	0.999998	0.999993
B125	0.703223	0.999994	1.000000	0.999996	0.999997	0.999988	0.999999	1.000000	0.999997	0.999998	0.999971	0.999988	0.999998
B126	0.550917	0.999992	1.000000	0.999997	0.999995	0.999958	1.000000	1.000000	0.999997	0.999992	0.999984	0.999991	0.999993
B127	0.582003	0.999991	0.999998	0.999992	0.999993	0.999982	1.000000	1.000000	0.999999	0.999994	0.999986	0.999984	0.999974
B128b	0.621635	0.999995	0.999998	0.999997	0.999998	0.999993	1.000000	1.000000	0.999999	0.999998	0.999979	0.999997	0.999989
B129	0.589687	0.999995	0.999998	0.999998	0.999997	0.999993	1.000000	1.000000	0.999999	1.000000	0.999979	0.999999	0.999988
B13	0.760875	0.999989	1.000000	0.999999	0.999997	0.999968	1.000000	1.000000	1.000000	0.999998	0.999984	0.999953	0.999985
B130	0.577901	0.999992	0.999998	1.000000	0.999999	0.999958	1.000000	1.000000	0.999999	1.000000	0.999976	0.999993	0.999989
B131	0.536394	0.999995	0.999998	1.000000	1.000000	0.999989	1.000000	1.000000	0.999999	1.000000	0.999976	0.999993	0.999988
B132	0.548686	0.999996	0.999998	1.000000	0.999998	0.999989	1.000000	1.000000	0.999999	1.000000	0.999990	0.999992	0.999989
B133	0.560088	0.999994	1.000000	1.000000	1.000000	0.999993	1.000000	1.000000	1.000000	0.999999	0.999961	0.999998	0.999986
B134	0.661667	0.999994	1.000000	1.000000	1.000000	0.999994	1.000000	0.999999	1.000000	0.999996	0.999959	0.999996	0.999986
B135	0.619161	0.999995	1.000000	0.999998	0.999997	0.999989	1.000000	1.000000	1.000000	0.999991	0.999992	0.999998	0.999979
B136	0.560594	0.999999	1.000000	1.000000	1.000000	0.999998	1.000000	1.000000	1.000000	1.000000	1.000000	0.999998	0.999997
B137	0.587398	0.999999	1.000000	1.000000	1.000000	0.999998	1.000000	1.000000	1.000000	1.000000	0.999993	0.999999	0.999995
B138	0.595069	0.999999	1.000000	1.000000	1.000000	0.999998	1.000000	1.000000	1.000000	1.000000	1.000000	0.999999	0.999995
B139	0.616966	0.999984	1.000000	0.999998	0.999998	0.999990	1.000000	1.000000	0.999999	0.999996	0.999885	0.999974	0.999985
B14	0.636276	0.999983	1.000000	0.999999	0.999998	0.999985	1.000000	0.999999	1.000000	0.999999	0.999893	0.999956	0.999981
B140	0.680725	0.999995	1.000000	0.999998	0.999999	0.999990	1.000000	1.000000	0.999999	0.999996	0.999994	0.999992	0.999981
B141	0.704205	0.999990	1.000000	1.000000	0.999985	0.999978	1.000000	1.000000	0.999997	0.999998	0.999984	0.999974	0.999981
B142	0.711569	0.999995	1.000000	1.000000	1.000000	0.999992	1.000000	1.000000	0.999999	0.999990	0.999982	0.999998	0.999982
B143	0.655909	0.999995	1.000000	0.999998	0.999998	0.999995	1.000000	1.000000	0.999999	0.999999	0.999982	1.000000	0.999974
B144	0.628552	0.999994	1.000000	1.000000	0.999996	0.999992	1.000000	1.000000	0.999999	0.999996	0.999973	0.999990	0.999990
B145	0.564471	0.999993	1.000000	1.000000	0.999999	0.999993	1.000000	0.999999	0.999998	0.999998	0.999960	0.999983	0.999992
B146	0.694177	0.999993	1.000000	1.000000	0.999999	0.999990	0.999999	0.999998	0.999998	0.999987	0.999970	0.999986	0.999995
B147	0.597006	0.999982	1.000000	0.999998	0.999999	0.999991	1.000000	1.000000	0.999996	0.999986	0.999891	0.999951	0.999995
B148	0.573804	0.999971	1.000000	1.000000	0.999997	0.999996	1.000000	1.000000	0.999997	0.999994	0.999718	0.999990	0.999985
B149	0.535034	0.999992	1.000000	1.000000	0.999995	0.999994	1.000000	1.000000	0.999999	0.999996	0.999967	0.999977	0.999986
B150	0.614820	0.999995	1.000000	1.000000	0.999985	0.999996	1.000000	1.000000	0.999999	0.999994	0.999989	0.999998	0.999986
B151	0.494373	0.999995	1.000000	0.999995	0.999991	0.999995	1.000000	1.000000	0.999999	0.999990	0.999989	0.999998	0.999985
B152	0.629888	0.999995	1.000000	1.000000	0.999991	0.999994	1.000000	1.000000	0.999999	0.999997	0.999989	0.999998	0.999981
B153b	0.548579	0.999993	1.000000	0.999995	0.999997	0.999994	1.000000	0.999993	0.999999	0.999998	0.999964	0.999998	0.999986
B154	0.601565	0.999995	1.000000	0.999999	1.000000	0.999997	1.000000	0.999998	1.000000	0.999995	0.999985	0.999994	0.999977
B155b	0.391960	0.999992	1.000000	0.999981	1.000000	0.999990	1.000000	1.000000	1.000000	0.999998	0.999958	0.999995	0.999991
B156	0.534354	0.999984	1.000000	0.999999	1.000000	0.999982	1.000000	0.999998	1.000000	0.999955	0.999907	0.999990	0.999990
B157	0.712453	0.999993	1.000000	0.999994	0.999997	0.999993	1.000000	1.000000	0.999999	0.999999	0.999977	0.999983	0.999985
B158	0.802438	0.999992	1.000000	1.000000	0.999998	0.999988	1.000000	1.000000	0.999999	0.999998	0.999977	0.999977	0.999977
B159	0.667645	0.999991	1.000000	1.000000	0.999998	0.999993	1.000000	0.999999	0.999996	0.999994	0.999964	0.999981	0.999977
B15b	0.670197	0.999985	1.000000	0.999992	0.999985	0.999988	1.000000	1.000000	0.999999	0.999999	0.999895	0.999990	0.999986
B16	0.632910	0.999987	1.000000	0.999998	0.999980	0.999957	0.999999	0.999998	0.999999	1.000000	0.999957	0.999992	0.999981
B160	0.617274	0.999994	0.999998	0.999993	1.000000	0.999995	1.000000	1.000000	0.999999	0.999991	0.999987	0.999990	0.999981
B161	0.602363	0.999986	0.999998	0.999992	0.999993	0.999995	1.000000	1.000000	0.999999	0.999987	0.999927	0.999975	0.999981
B162	0.651845	0.999995	0.999998	0.999997	0.999998	0.999995	1.000000	1.000000	0.999999	0.999991	0.999987	0.999990	0.999989
B163	0.588811	0.999989	1.000000	1.000000	0.999940	0.999987	0.999999	1.000000	0.999998	0.999995	0.999969	0.999999	0.999994
B164	0.649160	0.999987	0.999999	0.999998	0.999994	0.999987	0.999999	0.999999	0.999998	0.999998	0.999899	0.999996	0.999997
B165	0.592741	0.999987	0.999999	0.999998	0.999992	0.999987	0.999999	1.000000	0.999998	0.999995	0.999899	0.999996	0.999998
B166	0.640961	0.999960	0.999996	1.000000	0.999922	0.999991	1.000000	0.999996	0.999998	0.999976	0.999710	0.999976	0.999994
B167	0.646300	0.999987	1.000000	0.999996	0.999972	0.999992	0.999998	0.999996	0.999998	0.999984	0.999939	0.999985	0.999995
B168	0.598750	0.999978	1.000000	1.000000	0.999972	0.999992	1.000000	0.999998	0.999998	0.999976	0.999855	0.999978	0.999995
B169	0.684291	0.999995	0.999998	0.999997	0.999999	0.999994	1.000000	1.000000	0.999998	0.999989	0.999986	0.999998	0.999988
B170	0.601040	0.999983	0.999998	1.000000	0.999998	0.999991	1.000000	1.000000	0.999998	0.999999	0.999852	0.999996	0.999978
B171c	0.572710	0.999995	0.999998	1.000000	0.999999	0.999991	1.000000	1.000000	0.999998	0.999994	0.999986	0.999994	0.999987
B172b	0.655928	0.999986	1.000000	1.000000	0.999996	0.999991	1.000000	1.000000	0.999998	0.999995	0.999894	0.999996	0.999973
B173	0.642625	0.999983	1.000000	1.000000	0.999996	0.999995	1.000000	1.000000	0.999998	0.999998	0.999863	0.999990	0.999973
B174	0.516910	0.999986	1.000000	1.000000	0.999985	0.999995	1.000000	1.000000	0.999998	0.999999	0.999894	0.999997	0.999977
B175	0.582376	0.999991	0.999999	1.000000	0.999995	0.999992	1.000000	1.000000	0.999999	0.999987	0.999963	0.999998	0.999971
B176	0.517274	0.999995	0.999999	0.999999	1.000000	0.999992	1.000000	1.000000	0.999999	0.999997	0.999988	0.999988	0.999985
B177	0.646554	0.999994	0.999999	0.999999	0.999996	0.999992	1.000000	1.000000	0.999999	0.999987	0.999975	0.999999	0.999985
B178	0.663227	0.999996	0.999998	1.000000	0.999998	0.999986	1.000000	1.000000	0.999999	1.000000	0.999989	0.999998	0.999985
B179	0.568230	0.999985	0.999998	0.999999	0.999997	0.999986	1.000000	1.000000	0.999999	1.000000	0.999882	0.999994	0.999985
B17b	0.689536	0.999990	1.000000	0.999994	0.999962	0.999999	1.000000	0.999998	0.999999	1.000000	0.999962	0.999998	0.999981
B18	0.651019	0.999992	1.000000	0.999998	0.999996	0.999980	1.000000	0.999998	0.999999	1.000000	0.999962	0.999994	0.999986
B180	0.639165	0.999995	0.999998	1.000000	0.999992	0.999989	1.000000	1.000000	0.999999	0.999999	0.999989	0.999993	0.999985
B181	0.642806	0.999999	1.000000	1.000000	0.999997	0.999999	1.000000	1.000000	1.000000	1.000000	0.999995	0.999999	0.999994
B182	0.597103	0.999999	1.000000	1.000000	1.000000	0.999999	1.000000	1.000000	1.000000	1.000000	0.999995	0.999999	0.999994
B183	0.668687	0.999999	1.000000	1.000000	1.000000	0.999999	1.000000	1.000000	1.000000	1.000000	0.999995	0.999999	0.999994
B185	0.625145	0.999997	1.000000	1.000000	0.999991	0.999998	1.000000	0.999999	0.999999	1.000000	0.999990	1.000000	0.999991
B187	0.498642	0.999996	1.000000	1.000000	0.999993	0.999991	1.000000	0.999996	0.999998	1.000000	0.999987	0.999994	0.999997
B188	0.588707	0.999995	1.000000	1.000000	0.999997	0.999991	1.000000	1.000000	0.999998	0.999996	0.999965	0.999997	0.999997
B189	0.615856	0.999993	1.000000	0.999999	0.999992	0.999991	0.999998	0.999995	0.999998	0.999997	0.999968	0.999992	0.999996
B19	0.652052	0.999994	1.000000	0.999998	0.999962	0.999992	1.000000	1.000000	1.000000	1.000000	0.999991	0.999999	0.999989
B190	0.603232	0.999996	0.999999	0.999999	1.000000	0.999994	1.000000	1.000000	0.999999	0.999998	0.999978	0.999993	0.999990
B191	0.586236	0.999995	0.999999	1.000000	0.999999	0.999994	1.000000	1.000000	0.999999	1.000000	0.999978	0.999990	0.999990
B192	0.625291	0.999995	0.999999	1.000000	0.999999	0.999994	1.000000	1.000000	0.999999	0.999996	0.999978	0.999994	0.999990
B193	0.610025	0.999996	0.999998	1.000000	0.999993	0.999995	1.000000	1.000000	0.999999	1.000000	0.999988	0.999998	0.999989
B194	0.549404	0.999992	0.999998	1.000000	0.999962	0.999991	1.000000	1.000000	0.999999	0.999996	0.999988	0.999992	0.999989
B195	0.510752	0.999995	0.999998	1.000000	0.999984	0.999991	1.000000	1.000000	0.999999	0.999999	0.999988	0.999998	0.999989
B196b	0.702019	0.999994	0.999998	0.999999	0.999964	0.999995	1.000000	1.000000	0.999999	0.999995	0.999988	0.999998	0.999996
B197	0.566720	0.999995	0.999998	1.000000	0.999993	0.999995	1.000000	1.000000	0.999999	0.999995	0.999979	0.999991	0.999996
B198	0.499376	0.999997	0.999998	1.000000	0.999997	0.999995	1.000000	1.000000	0.999999	0.999999	0.999990	0.999996	0.999996
B199	0.450229	0.999993	1.000000	1.000000	0.999999	0.999995	1.000000	1.000000	0.999999	0.999999	0.999948	0.999992	0.999989
B2	0.603129	1.000000	1.000000	1.000000	1.000000	1.000000	1.000000	1.000000	1.000000	1.000000	1.000000	1.000000	1.000000
B20	0.552880	0.999993	1.000000	0.999998	0.999969	0.999983	1.000000	1.000000	0.999999	1.000000	0.999991	0.999995	0.999982
B200	0.658983	0.999992	1.000000	1.000000	0.999983	0.999992	1.000000	1.000000	0.999999	0.999999	0.999954	0.999998	0.999991
B201	0.625941	0.999993	1.000000	1.000000	0.999995	0.999995	1.000000	0.999999	0.999999	0.999995	0.999954	0.999992	0.999991
B202	0.582780	0.999999	1.000000	1.000000	1.000000	0.999998	1.000000	1.000000	1.000000	1.000000	1.000000	1.000000	0.999995
B203	0.597598	0.999999	1.000000	0.999998	1.000000	0.999998	1.000000	1.000000	1.000000	1.000000	1.000000	0.999999	0.999997
B204	0.613954	0.999999	1.000000	1.000000	1.000000	0.999998	1.000000	1.000000	1.000000	1.000000	0.999994	0.999999	0.999997
B205	0.684727	0.999989	1.000000	0.999998	0.999984	0.999977	1.000000	1.000000	0.999999	0.999997	0.999966	0.999974	0.999981
B206	0.720510	0.999991	1.000000	0.999999	0.999999	0.999983	1.000000	1.000000	0.999999	0.999996	0.999966	0.999974	0.999985
B207	0.712206	0.999986	1.000000	1.000000	0.999999	0.999964	1.000000	1.000000	0.999999	0.999997	0.999923	0.999974	0.999985
B208	0.603199	0.999996	1.000000	0.999993	1.000000	0.999992	1.000000	1.000000	0.999999	0.999997	0.999994	0.999990	0.999990
B209	0.549484	0.999992	1.000000	1.000000	0.999996	0.999995	1.000000	1.000000	0.999999	0.999997	0.999971	0.999990	0.999961
B21	0.528006	0.999993	1.000000	0.999998	0.999998	0.999998	1.000000	1.000000	1.000000	0.999999	0.999950	0.999987	0.999989
B210b	0.600707	0.999996	1.000000	0.999993	1.000000	0.999992	1.000000	1.000000	0.999999	0.999997	0.999994	0.999995	0.999987
B211	0.656930	0.999985	1.000000	0.999999	0.999974	0.999994	1.000000	1.000000	0.999998	0.999995	0.999896	0.999998	0.999986
B212	0.556874	0.999991	1.000000	0.999999	0.999941	0.999995	1.000000	1.000000	0.999998	0.999995	0.999993	0.999998	0.999986
B213	0.619050	0.999984	1.000000	1.000000	0.999953	0.999994	1.000000	0.999999	0.999998	0.999989	0.999915	0.999990	0.999985
B214	0.599928	0.999982	1.000000	0.999998	0.999968	0.999992	1.000000	0.999999	0.999999	0.999994	0.999894	0.999985	0.999976
B215	0.527799	0.999993	1.000000	1.000000	0.999995	0.999988	1.000000	0.999998	0.999999	1.000000	0.999950	0.999998	0.999990
B216	0.525767	0.999991	1.000000	0.999998	0.999985	0.999983	1.000000	0.999998	0.999999	0.999999	0.999958	0.999998	0.999988
B217	0.516534	0.999995	1.000000	1.000000	0.999984	0.999993	0.999998	1.000000	0.999998	0.999993	0.999989	0.999998	0.999993
B218	0.574794	0.999996	1.000000	1.000000	0.999998	0.999993	0.999999	0.999997	0.999998	0.999997	0.999989	0.999989	0.999997
B219	0.572846	0.999994	1.000000	0.999999	0.999993	0.999993	0.999999	1.000000	0.999998	0.999998	0.999973	0.999998	0.999988
B220	0.558995	0.999996	1.000000	1.000000	0.999998	0.999995	1.000000	0.999999	0.999999	1.000000	0.999987	0.999992	0.999990
B221b	0.554978	0.999994	1.000000	1.000000	0.999991	0.999995	1.000000	1.000000	0.999999	1.000000	0.999987	0.999968	0.999990
B222	0.482764	0.999995	1.000000	1.000000	0.999983	0.999995	0.999995	1.000000	0.999999	1.000000	0.999987	0.999995	0.999990
B223	0.650254	0.999993	1.000000	0.999994	0.999996	0.999996	1.000000	1.000000	0.999999	0.999999	0.999998	0.999963	0.999981
B224	0.696733	0.999993	1.000000	1.000000	0.999991	0.999980	1.000000	1.000000	0.999999	0.999999	0.999989	0.999990	0.999981
B225	0.628278	0.999997	1.000000	1.000000	1.000000	0.999996	1.000000	1.000000	0.999999	0.999999	0.999994	1.000000	0.999981
B226	0.565639	0.999996	0.999998	0.999995	0.999999	0.999995	1.000000	1.000000	0.999999	1.000000	0.999990	0.999999	0.999982
B227b	0.480571	0.999993	0.999998	0.999976	1.000000	0.999995	0.999999	1.000000	0.999999	0.999999	0.999980	0.999994	0.999988
B228	0.586230	0.999994	0.999998	1.000000	0.999969	0.999995	1.000000	1.000000	0.999999	0.999997	0.999991	0.999994	0.999989
B229	0.604999	0.999993	1.000000	0.999999	0.999988	0.999990	1.000000	0.999999	0.999998	0.999998	0.999968	0.999989	0.999993
B22b	0.491862	0.999994	1.000000	0.999996	0.999995	0.999987	1.000000	0.999998	0.999999	1.000000	0.999967	0.999993	0.999997
B23	0.613194	0.999987	1.000000	0.999997	0.999970	0.999987	1.000000	0.999999	0.999999	0.999999	0.999920	0.999998	0.999990
B230	0.579521	0.999995	1.000000	0.999988	0.999988	0.999990	1.000000	1.000000	0.999999	0.999997	0.999988	0.999998	0.999995
B231	0.544189	0.999990	1.000000	0.999988	0.999956	0.999990	1.000000	0.999998	0.999998	1.000000	0.999968	0.999998	0.999992
B232b	0.631939	0.999993	1.000000	0.999998	0.999998	0.999996	1.000000	1.000000	0.999999	0.999999	0.999952	1.000000	0.999981
B233	0.640058	0.999984	1.000000	0.999993	0.999991	0.999996	1.000000	1.000000	0.999999	0.999989	0.999874	1.000000	0.999981
B234c	0.544035	0.999992	1.000000	0.999997	0.999991	0.999992	1.000000	1.000000	0.999999	0.999998	0.999992	0.999990	0.999957
B235b	0.571143	0.999988	1.000000	0.999992	0.999997	0.999996	1.000000	1.000000	0.999998	0.999999	0.999911	0.999990	0.999986
B236	0.559762	0.999995	1.000000	0.999990	1.000000	0.999996	0.999999	1.000000	0.999998	0.999995	0.999994	0.999990	0.999981
B237	0.613616	0.999997	1.000000	0.999999	1.000000	0.999996	1.000000	1.000000	0.999998	0.999999	1.000000	0.999994	0.999986
B238	0.631401	0.999994	0.999998	1.000000	0.999992	0.999997	0.999999	1.000000	0.999998	0.999994	0.999986	0.999985	0.999986
B239	0.620661	0.999996	0.999998	1.000000	0.999995	0.999997	1.000000	1.000000	0.999998	0.999994	0.999999	1.000000	0.999981
B240	0.649832	0.999996	0.999998	1.000000	0.999998	0.999997	1.000000	1.000000	0.999998	0.999994	0.999999	0.999997	0.999981
B241	0.601809	0.999993	1.000000	0.999998	0.999993	0.999995	1.000000	1.000000	0.999999	1.000000	0.999980	0.999965	0.999987
B242	0.730478	0.999994	1.000000	0.999977	0.999997	0.999990	1.000000	1.000000	0.999999	1.000000	0.999980	0.999999	0.999987
B243	0.629073	0.999992	1.000000	0.999999	0.999998	0.999995	1.000000	1.000000	0.999999	0.999998	0.999955	0.999994	0.999976
B244	0.658370	0.999993	0.999999	0.999987	0.999995	0.999995	1.000000	1.000000	1.000000	0.999999	0.999989	0.999999	0.999958
B245	0.677595	0.999993	0.999999	0.999987	0.999992	0.999995	1.000000	1.000000	1.000000	1.000000	0.999989	0.999999	0.999958
B246	0.730315	0.999994	0.999999	0.999987	0.999996	0.999995	1.000000	1.000000	1.000000	0.999996	0.999989	0.999999	0.999977
B247	0.638548	0.999992	1.000000	0.999998	0.999990	0.999991	1.000000	0.999998	0.999998	0.999989	0.999965	0.999988	0.999994
B248	0.548840	0.999993	1.000000	0.999993	0.999999	0.999991	1.000000	1.000000	0.999998	1.000000	0.999975	0.999977	0.999994
B249	0.567760	0.999995	1.000000	1.000000	0.999987	0.999991	1.000000	0.999999	0.999998	0.999996	0.999993	0.999991	0.999993
B24b	0.555448	0.999989	1.000000	0.999999	0.999995	0.999987	0.999999	0.999999	0.999999	1.000000	0.999920	0.999995	0.999990
B25	0.566216	0.999987	1.000000	0.999999	0.999991	0.999989	0.999999	0.999993	0.999999	0.999992	0.999912	0.999995	0.999993
B250	0.566571	0.999992	1.000000	0.999995	0.999990	0.999992	0.999999	1.000000	0.999999	0.999986	0.999967	0.999988	0.999994
B251	0.531106	0.999987	1.000000	0.999995	0.999984	0.999992	1.000000	0.999998	0.999999	0.999986	0.999937	0.999994	0.999974
B252	0.552273	0.999987	1.000000	0.999991	0.999996	0.999992	0.999999	0.999998	0.999999	0.999964	0.999937	0.999991	0.999994
B253	0.526509	0.999995	1.000000	1.000000	1.000000	0.999993	1.000000	1.000000	0.999999	0.999998	0.999979	0.999990	0.999987
B254	0.619450	0.999991	1.000000	0.999986	0.999989	0.999977	1.000000	1.000000	0.999999	0.999998	0.999979	0.999999	0.999976
B255	0.566962	0.999992	1.000000	1.000000	0.999996	0.999995	1.000000	1.000000	0.999999	0.999999	0.999944	0.999992	0.999987
B256	0.579434	0.999988	1.000000	0.999997	0.999995	0.999995	0.999999	0.999999	0.999999	0.999999	0.999905	0.999994	0.999987
B257	0.508836	0.999987	1.000000	0.999997	1.000000	0.999995	1.000000	1.000000	0.999999	1.000000	0.999905	0.999990	0.999976
B258	0.602527	0.999992	1.000000	0.999997	1.000000	0.999986	1.000000	1.000000	0.999999	0.999998	0.999987	0.999965	0.999976
B259b	0.548545	0.999993	1.000000	0.999991	0.999990	0.999996	1.000000	1.000000	0.999999	0.999998	0.999980	0.999996	0.999976
B26	0.502665	0.999989	1.000000	0.999999	0.999992	0.999992	0.999998	0.999997	0.999999	0.999996	0.999918	0.999995	0.999995
B260b	0.511714	0.999992	1.000000	0.999992	0.999999	0.999996	1.000000	1.000000	0.999999	0.999999	0.999971	0.999984	0.999976
B261	0.645518	0.999997	1.000000	1.000000	0.999997	0.999996	1.000000	1.000000	0.999999	0.999999	0.999994	0.999999	0.999987
B262	0.479270	0.999997	1.000000	0.999999	1.000000	0.999994	1.000000	1.000000	0.999999	1.000000	0.999989	0.999992	0.999989
B263	0.569423	0.999996	1.000000	0.999997	0.999997	0.999994	1.000000	1.000000	0.999999	1.000000	0.999989	0.999990	0.999989
B264	0.569670	0.999996	1.000000	0.999997	0.999997	0.999994	0.999999	1.000000	0.999999	1.000000	0.999989	0.999990	0.999989
B265	0.664402	0.999999	1.000000	1.000000	0.999999	0.999997	1.000000	1.000000	1.000000	0.999999	0.999999	0.999998	0.999995
B266	0.702964	0.999999	1.000000	1.000000	0.999999	0.999997	1.000000	1.000000	1.000000	1.000000	0.999999	0.999998	0.999995
B267	0.687664	0.999999	1.000000	1.000000	0.999999	0.999997	1.000000	1.000000	1.000000	0.999999	0.999999	0.999998	0.999997
B268	0.623869	0.999993	1.000000	0.999999	0.999996	0.999981	1.000000	1.000000	1.000000	1.000000	0.999982	0.999990	0.999976
B269	0.617014	0.999990	1.000000	1.000000	0.999998	0.999958	1.000000	1.000000	1.000000	0.999997	0.999982	0.999966	0.999987
B27	0.530624	0.999996	1.000000	0.999999	0.999992	0.999997	1.000000	1.000000	1.000000	1.000000	0.999977	0.999995	0.999994
B270	0.614325	0.999995	1.000000	1.000000	0.999996	0.999984	1.000000	1.000000	1.000000	1.000000	0.999982	0.999997	0.999987
B271	0.562516	0.999994	0.999998	1.000000	0.999998	0.999989	1.000000	1.000000	0.999999	1.000000	0.999988	0.999986	0.999977
B272	0.620893	0.999995	0.999998	1.000000	0.999998	0.999989	1.000000	1.000000	0.999999	0.999998	0.999988	0.999986	0.999985
B273	0.663967	0.999997	0.999998	0.999999	0.999998	0.999995	1.000000	1.000000	0.999999	1.000000	0.999988	0.999997	0.999988
B274	0.650562	0.999996	1.000000	0.999997	0.999996	0.999990	1.000000	0.999994	0.999999	0.999998	0.999993	0.999994	0.999994
B275	0.595517	0.999996	1.000000	1.000000	0.999998	0.999990	0.999999	0.999998	0.999999	0.999990	0.999993	0.999996	0.999992
B276	0.610076	0.999996	1.000000	1.000000	0.999998	0.999990	1.000000	1.000000	0.999999	0.999990	0.999993	0.999997	0.999994
B277	0.572038	0.999991	1.000000	0.999999	0.999984	0.999990	0.999999	1.000000	1.000000	0.999977	0.999973	0.999985	0.999994
B278	0.547355	0.999994	1.000000	0.999998	0.999997	0.999988	0.999999	1.000000	1.000000	0.999992	0.999973	0.999996	0.999992
B279	0.606081	0.999994	0.999999	1.000000	0.999997	0.999988	1.000000	0.999996	0.999999	1.000000	0.999973	0.999991	0.999994
B28	0.774034	0.999985	1.000000	0.999997	0.999999	0.999996	1.000000	1.000000	0.999999	0.999997	0.999869	0.999999	0.999974
B280	0.534820	0.999994	1.000000	0.999994	1.000000	0.999996	1.000000	1.000000	1.000000	0.999999	0.999982	0.999990	0.999976
B281	0.533447	0.999994	1.000000	0.999999	0.999996	0.999997	1.000000	1.000000	1.000000	1.000000	0.999976	0.999984	0.999987
B282	0.502471	0.999990	1.000000	0.999977	0.999994	0.999988	1.000000	1.000000	1.000000	1.000000	0.999970	0.999990	0.999976
B283	0.490915	0.999992	1.000000	0.999999	1.000000	0.999991	1.000000	1.000000	0.999999	0.999999	0.999951	0.999990	0.999987
B284	0.542756	0.999992	1.000000	0.999999	0.999996	0.999997	1.000000	1.000000	0.999999	1.000000	0.999951	0.999990	0.999976
B285	0.494952	0.999993	1.000000	0.999999	0.999997	0.999965	1.000000	1.000000	0.999999	1.000000	0.999995	0.999994	0.999976
B286	0.607020	0.999995	0.999998	0.999998	0.999990	0.999993	0.999999	1.000000	0.999999	0.999998	0.999980	0.999999	0.999987
B287	0.564530	0.999994	0.999998	0.999999	0.999997	0.999993	0.999999	1.000000	0.999999	1.000000	0.999980	0.999991	0.999976
B288	0.534427	0.999994	0.999998	1.000000	0.999993	0.999988	1.000000	1.000000	0.999999	0.999999	0.999992	0.999991	0.999976
B289	0.621868	0.999994	0.999999	0.999999	1.000000	0.999981	0.999999	1.000000	1.000000	0.999999	0.999990	0.999999	0.999969
B290	0.587518	0.999992	0.999999	0.999994	0.999993	0.999981	1.000000	1.000000	1.000000	0.999995	0.999990	0.999990	0.999969
B291	0.534779	0.999995	0.999999	0.999998	1.000000	0.999987	0.999999	1.000000	1.000000	1.000000	0.999990	0.999990	0.999987
B292c	0.644761	0.999998	1.000000	0.999998	1.000000	0.999999	1.000000	1.000000	1.000000	1.000000	0.999995	0.999997	0.999994
B293	0.726793	0.999999	1.000000	1.000000	1.000000	0.999999	1.000000	1.000000	1.000000	1.000000	0.999995	0.999998	0.999996
B294	0.662495	0.999999	1.000000	1.000000	0.999999	0.999999	1.000000	1.000000	1.000000	1.000000	0.999995	1.000000	0.999997
B295	0.622324	0.999998	1.000000	0.999999	0.999998	0.999996	1.000000	1.000000	1.000000	1.000000	0.999994	0.999996	0.999995
B296	0.719354	0.999998	1.000000	0.999999	0.999998	1.000000	1.000000	1.000000	1.000000	0.999999	0.999994	0.999999	0.999995
B297	0.543553	0.999998	1.000000	0.999999	1.000000	0.999999	1.000000	1.000000	1.000000	1.000000	0.999994	0.999996	0.999995
B298	0.432708	0.999989	1.000000	0.999998	0.999994	0.999965	1.000000	0.999999	1.000000	0.999998	0.999944	0.999993	0.999985
B299	0.650518	0.999989	1.000000	0.999999	0.999994	0.999968	1.000000	1.000000	1.000000	1.000000	0.999944	0.999986	0.999985
B29c	0.592790	0.999991	1.000000	0.999997	0.999995	0.999994	1.000000	1.000000	0.999999	1.000000	0.999992	0.999956	0.999974
B3	0.624596	1.000000	1.000000	1.000000	1.000000	1.000000	1.000000	1.000000	1.000000	1.000000	1.000000	1.000000	1.000000
B300	0.593468	0.999988	1.000000	0.999998	0.999994	0.999968	1.000000	0.999998	1.000000	0.999999	0.999944	0.999998	0.999973
B30b	0.627172	0.999980	1.000000	0.999991	0.999963	0.999990	1.000000	1.000000	0.999997	0.999999	0.999869	0.999995	0.999977
B31b	0.691840	0.999979	1.000000	0.999993	1.000000	0.999949	1.000000	0.999999	0.999999	0.999999	0.999893	0.999956	0.999981
B32	0.568965	0.999991	1.000000	0.999999	0.999992	0.999983	1.000000	1.000000	0.999999	0.999999	0.999954	0.999998	0.999981
B33	0.556381	0.999988	1.000000	0.999999	0.999999	0.999984	1.000000	0.999998	0.999999	0.999999	0.999954	0.999956	0.999981
B34	0.590944	0.999999	1.000000	0.999999	1.000000	0.999997	1.000000	1.000000	1.000000	1.000000	0.999998	0.999999	0.999998
B35	0.714937	0.999999	1.000000	0.999999	1.000000	0.999997	1.000000	1.000000	1.000000	1.000000	0.999998	0.999998	0.999994
B36	0.686432	0.999999	1.000000	0.999999	1.000000	0.999997	1.000000	1.000000	1.000000	1.000000	0.999998	0.999998	0.999994
B37	0.743341	0.999992	0.999998	1.000000	0.999984	0.999979	1.000000	1.000000	0.999999	0.999999	0.999981	0.999990	0.999982
B38	0.749405	0.999994	1.000000	0.999992	0.999998	0.999996	1.000000	1.000000	0.999999	0.999999	0.999981	0.999998	0.999964
B39	0.692475	0.999995	1.000000	1.000000	1.000000	0.999996	1.000000	1.000000	0.999999	0.999990	0.999980	0.999998	0.999978
B4	0.672754	0.999999	1.000000	1.000000	0.999999	0.999997	1.000000	1.000000	1.000000	1.000000	1.000000	0.999999	0.999995
B40	0.740372	0.999995	0.999998	0.999998	0.999995	0.999995	1.000000	1.000000	0.999999	0.999994	0.999988	0.999988	0.999987
B41	0.608295	0.999996	0.999998	0.999998	0.999986	0.999995	1.000000	1.000000	0.999999	0.999998	0.999988	0.999996	0.999995
B42	0.713790	0.999995	0.999998	0.999998	0.999997	0.999995	1.000000	1.000000	0.999999	1.000000	0.999988	0.999998	0.999974
B43	0.653218	0.999995	1.000000	0.999998	1.000000	0.999998	1.000000	1.000000	0.999999	0.999998	0.999987	0.999986	0.999979
B44	0.616142	0.999990	1.000000	0.999998	0.999994	0.999993	1.000000	1.000000	0.999999	0.999999	0.999944	0.999986	0.999979
B45	0.706680	0.999989	1.000000	0.999999	0.999995	0.999981	1.000000	0.999999	0.999999	0.999999	0.999944	0.999986	0.999979
B46b	0.621914	0.999991	1.000000	0.999999	0.999987	0.999982	1.000000	1.000000	0.999998	0.999959	0.999982	0.999996	0.999999
B47	0.630872	0.999993	1.000000	1.000000	0.999990	0.999982	1.000000	1.000000	0.999998	0.999994	0.999990	0.999976	0.999995
B48	0.611563	0.999996	1.000000	1.000000	0.999994	0.999982	1.000000	1.000000	0.999998	0.999993	1.000000	0.999996	0.999995
B49	0.617305	0.999996	1.000000	1.000000	0.999992	0.999986	1.000000	1.000000	0.999997	0.999999	0.999988	0.999998	0.999993
B5	0.668401	0.999999	1.000000	1.000000	1.000000	0.999997	1.000000	1.000000	1.000000	1.000000	0.999994	0.999999	0.999995
B50	0.567389	0.999993	1.000000	0.999997	0.999989	0.999966	0.999999	1.000000	0.999997	0.999999	0.999989	0.999994	0.999998
B51	0.543518	0.999993	0.999999	1.000000	1.000000	0.999970	0.999997	1.000000	0.999997	0.999990	0.999989	0.999994	0.999992
B52	0.633787	0.999991	1.000000	1.000000	1.000000	0.999992	0.999999	1.000000	0.999999	0.999985	0.999969	0.999966	0.999990
B53	0.597625	0.999991	1.000000	1.000000	0.999998	0.999986	0.999999	1.000000	0.999996	0.999995	0.999967	0.999966	0.999990
B54	0.533090	0.999994	1.000000	0.999999	0.999999	0.999992	1.000000	1.000000	0.999999	0.999986	0.999978	0.999990	0.999988
B55	0.569821	0.999996	0.999999	0.999999	0.999997	0.999991	0.999999	1.000000	0.999998	0.999997	0.999985	0.999989	0.999997
B56	0.657510	0.999994	1.000000	1.000000	0.999990	0.999991	0.999999	0.999998	0.999998	0.999998	0.999970	0.999991	0.999994
B57	0.686049	0.999996	1.000000	0.999999	0.999997	0.999991	0.999999	1.000000	0.999998	0.999995	0.999985	0.999994	0.999998
B58	0.432202	0.999994	1.000000	0.999999	0.999976	0.999996	1.000000	1.000000	0.999998	0.999988	0.999988	0.999996	0.999999
B59	0.603371	0.999993	1.000000	1.000000	0.999953	0.999996	0.999999	0.999996	0.999998	0.999996	0.999989	0.999996	0.999999
B6	0.689690	0.999999	1.000000	1.000000	0.999999	0.999997	1.000000	1.000000	1.000000	1.000000	1.000000	0.999998	0.999997
B60	0.601505	0.999997	1.000000	1.000000	0.999998	0.999996	0.999999	1.000000	0.999998	0.999996	0.999988	0.999996	0.999999
B61	0.593159	0.999987	1.000000	1.000000	0.999970	0.999996	0.999999	0.999994	0.999999	0.999990	0.999952	0.999976	0.999986
B62	0.600504	0.999997	1.000000	1.000000	0.999998	0.999996	0.999999	0.999997	0.999999	0.999990	0.999997	0.999996	0.999998
B63	0.609508	0.999992	1.000000	1.000000	0.999998	0.999996	0.999998	0.999986	0.999999	0.999992	0.999961	0.999985	0.999997
B64	0.483195	0.999995	1.000000	0.999999	0.999999	0.999994	0.999999	1.000000	0.999998	0.999993	0.999973	0.999992	0.999993
B65	0.674445	0.999995	1.000000	1.000000	0.999994	0.999994	0.999998	1.000000	0.999998	0.999998	0.999989	0.999992	0.999985
B66	0.625786	0.999995	1.000000	1.000000	0.999988	0.999994	0.999996	1.000000	0.999998	0.999993	0.999989	0.999999	0.999993
B67	0.560572	0.999996	1.000000	1.000000	0.999999	0.999993	0.999999	1.000000	0.999996	0.999994	0.999978	0.999993	0.999997
B68	0.567243	0.999994	1.000000	1.000000	0.999999	0.999992	0.999999	0.999996	0.999999	0.999995	0.999969	0.999996	0.999990
B69	0.592621	0.999993	1.000000	1.000000	0.999982	0.999992	0.999999	1.000000	0.999996	0.999995	0.999978	0.999990	0.999990
B7	0.723828	0.999996	1.000000	1.000000	0.999995	0.999989	1.000000	1.000000	0.999999	0.999998	0.999995	0.999998	0.999981
B70	0.547293	0.999984	1.000000	0.999992	0.999890	0.999992	0.999999	1.000000	0.999998	0.999995	0.999969	0.999996	0.999997
B71	0.605491	0.999988	1.000000	0.999999	0.999976	0.999992	1.000000	1.000000	0.999998	0.999998	0.999922	0.999990	0.999998
B72	0.537048	0.999997	1.000000	0.999999	1.000000	0.999993	0.999999	0.999997	0.999998	0.999995	0.999994	0.999998	0.999990
B73c	0.581720	0.999995	1.000000	0.999988	0.999994	0.999993	0.999999	1.000000	0.999998	0.999995	0.999985	0.999999	0.999994
B74	0.547461	0.999996	1.000000	0.999998	0.999994	0.999993	0.999999	1.000000	0.999998	0.999995	0.999997	0.999989	0.999993
B75	0.574513	0.999994	1.000000	1.000000	0.999975	0.999993	0.999999	1.000000	0.999998	0.999999	0.999985	0.999998	0.999993
B76	0.573580	0.999995	1.000000	1.000000	0.999991	0.999988	1.000000	1.000000	0.999998	0.999993	0.999988	0.999989	0.999998
B77	0.604951	0.999996	1.000000	1.000000	1.000000	0.999991	0.999999	0.999997	0.999998	0.999992	0.999988	0.999994	0.999997
B78	0.540422	0.999993	0.999999	1.000000	0.999991	0.999990	1.000000	1.000000	0.999998	0.999998	0.999973	0.999994	0.999984
B79	0.555748	0.999999	1.000000	1.000000	0.999997	0.999996	1.000000	1.000000	1.000000	1.000000	1.000000	0.999998	0.999999
B8	0.836645	0.999995	1.000000	1.000000	0.999997	0.999989	1.000000	1.000000	0.999999	0.999998	0.999983	0.999998	0.999981
B80	0.568326	0.999999	1.000000	1.000000	0.999997	0.999996	1.000000	0.999998	1.000000	1.000000	0.999998	0.999998	0.999998
B81	0.567874	0.999999	1.000000	1.000000	0.999999	0.999996	1.000000	1.000000	1.000000	1.000000	0.999999	0.999998	0.999999
B82b	0.637055	0.999978	1.000000	1.000000	0.999999	0.999990	1.000000	0.999998	0.999998	0.999998	0.999897	0.999886	0.999994
B83	0.598287	0.999994	1.000000	1.000000	0.999999	0.999990	1.000000	1.000000	0.999998	0.999998	0.999968	0.999990	0.999995
B84	0.638204	0.999993	1.000000	1.000000	0.999999	0.999990	1.000000	1.000000	0.999998	0.999998	0.999968	0.999983	0.999992
B85	0.599219	0.999992	0.999999	0.999999	0.999994	0.999992	0.999999	1.000000	0.999999	0.999998	0.999960	0.999989	0.999983
B86	0.568977	0.999996	0.999999	0.999999	0.999994	0.999992	1.000000	1.000000	0.999999	0.999999	0.999992	0.999996	0.999983
B87	0.635531	0.999985	1.000000	0.999998	0.999960	0.999992	1.000000	0.999999	0.999999	0.999992	0.999945	0.999953	0.999992
B88	0.556972	0.999992	1.000000	1.000000	0.999983	0.999994	1.000000	1.000000	0.999999	0.999976	0.999988	0.999977	0.999996
B89	0.590500	0.999969	1.000000	1.000000	0.999983	0.999994	1.000000	1.000000	0.999999	0.999976	0.999728	0.999977	0.999999
B9	0.711356	0.999994	1.000000	1.000000	0.999974	0.999989	1.000000	1.000000	0.999999	0.999998	0.999995	0.999998	0.999986
B90	0.590525	0.999985	1.000000	1.000000	0.999998	0.999994	1.000000	1.000000	0.999999	0.999974	0.999872	0.999996	0.999997
B91	0.652729	0.999996	1.000000	0.999999	0.999993	0.999994	1.000000	1.000000	0.999998	0.999996	0.999978	0.999996	0.999998
B92	0.544783	0.999992	1.000000	0.999998	0.999993	0.999987	1.000000	0.999998	0.999998	0.999976	0.999979	0.999986	0.999996
B93	0.654303	0.999991	1.000000	0.999999	0.999968	0.999994	1.000000	0.999999	1.000000	0.999991	0.999955	0.999997	0.999999
B94b	0.572130	0.999970	1.000000	0.999999	0.999995	0.999992	0.999999	0.999997	0.999998	0.999967	0.999802	0.999949	0.999977
B95	0.515955	0.999982	1.000000	1.000000	1.000000	0.999982	1.000000	0.999968	0.999997	1.000000	0.999916	0.999951	0.999992
B96b	0.589955	0.999995	1.000000	1.000000	0.999995	0.999992	1.000000	0.999998	0.999998	0.999998	0.999975	0.999998	0.999992
B97	0.547217	0.999989	1.000000	0.999999	0.999994	0.999982	1.000000	0.999985	0.999998	0.999985	0.999969	0.999975	0.999992
B98	0.540134	0.999974	1.000000	0.999999	0.999993	0.999982	1.000000	0.999985	0.999998	0.999996	0.999787	0.999985	0.999992
B99	0.449333	0.999986	1.000000	0.999995	0.999991	0.999992	1.000000	0.999999	0.999998	0.999985	0.999918	0.999973	0.999995
